2 0.068347 0.326160 0.136694 0.159302
14 0.248262 0.208469 0.102373 0.111237
10 0.433177 0.060565 0.146146 0.119751
3 0.441822 0.341678 0.128855 0.140350
1 0.099642 0.042780 0.100452 0.085559
0 0.842736 0.198032 0.164675 0.139252
7 0.614524 0.189380 0.166597 0.154907
9 0.784414 0.359256 0.256619 0.165619
12 0.811997 0.047998 0.226703 0.095996
13 0.985591 0.219455 0.028817 0.135956
14 0.255535 0.596149 0.165224 0.103272
4 0.056957 0.754215 0.113915 0.205719
2 0.276394 0.770419 0.209138 0.150238
8 0.464328 0.771930 0.083844 0.176331
1 0.240440 0.949686 0.170164 0.100629
0 0.994512 0.805438 0.010977 0.129639
9 0.749283 0.943506 0.164950 0.112989
10 0.764653 0.577472 0.140797 0.137329
12 0.596273 0.768085 0.149854 0.215881
14 0.783865 0.762866 0.149580 0.136780
