7 0.680929 0.122969 0.138924 0.180028
13 0.997497 0.318933 0.005005 0.132744
14 0.878992 0.246782 0.131925 0.149556
4 0.705774 0.366917 0.131925 0.113831
13 0.129843 0.095364 0.134210 0.129913
11 0.310711 0.177212 0.129819 0.144745
5 0.449517 0.098660 0.097841 0.113434
9 0.429002 0.357251 0.102922 0.089539
0 0.151662 0.345853 0.164675 0.146393
8 0.093614 0.626416 0.108411 0.126892
13 0.174168 0.906705 0.168518 0.142548
5 0.368896 0.842847 0.136406 0.148315
10 0.430924 0.652509 0.129819 0.132935
8 0.659545 0.937628 0.178398 0.124744
3 0.838766 0.724606 0.159735 0.181549
2 0.641431 0.697141 0.163028 0.175507
14 0.988135 0.956442 0.023730 0.087116
