7 0.586676 0.072168 0.170987 0.144336
12 0.845628 0.162051 0.209138 0.188690
6 0.612750 0.354449 0.156716 0.136231
5 0.074402 0.053903 0.144640 0.107806
3 0.292185 0.183475 0.226154 0.164520
4 0.471336 0.076425 0.054202 0.152850
12 0.444028 0.331516 0.108819 0.113434
9 0.094575 0.339343 0.163028 0.157105
11 0.375235 0.631077 0.096937 0.099929
10 0.165887 0.652991 0.085841 0.078307
9 0.439172 0.789152 0.118531 0.123888
12 0.216107 0.861907 0.108031 0.109279
13 0.296401 0.733636 0.117959 0.100513
5 0.617553 0.574039 0.171262 0.133209
9 0.846725 0.758746 0.174007 0.174133
7 0.594086 0.889072 0.132564 0.135956
11 0.981960 0.903354 0.036080 0.173859
