11 0.138384 0.096341 0.131740 0.139252
3 0.352325 0.038489 0.086454 0.076977
6 0.351502 0.217465 0.138053 0.136505
10 0.505815 0.315655 0.019620 0.113708
13 0.150598 0.334332 0.123781 0.114258
7 0.683029 0.370151 0.172555 0.177191
5 0.984130 0.383038 0.031740 0.111469
1 0.891318 0.234842 0.117827 0.143686
14 0.668542 0.071513 0.188652 0.143025
1 0.066202 0.695508 0.106490 0.094483
14 0.107920 0.911389 0.143816 0.117554
0 0.275339 0.820203 0.180045 0.183472
6 0.464097 0.869092 0.103056 0.134033
3 0.270948 0.620800 0.092218 0.092285
9 0.630349 0.695508 0.150403 0.199951
10 0.819176 0.797406 0.196513 0.197205
2 0.964480 0.688367 0.071040 0.174683
5 0.624311 0.927869 0.180045 0.120850
12 0.982320 0.920453 0.035360 0.133484
