1 0.616212 0.103278 0.095786 0.119751
10 0.811489 0.215064 0.110333 0.136780
0 0.948560 0.337698 0.102880 0.111237
14 0.958989 0.099845 0.082021 0.090912
5 0.624857 0.342505 0.102099 0.149964
2 0.182631 0.137999 0.194446 0.165593
1 0.378365 0.078077 0.117183 0.126933
11 0.197762 0.375435 0.188652 0.132732
12 0.431366 0.415706 0.127893 0.106314
13 0.084362 0.637886 0.168724 0.159413
8 0.303368 0.838291 0.152470 0.162449
10 0.465145 0.924839 0.060335 0.150323
12 0.121693 0.871312 0.138058 0.173836
14 0.440871 0.708863 0.108882 0.158654
7 0.624034 0.697913 0.055440 0.073608
9 0.995767 0.645865 0.008466 0.113983
11 0.619642 0.926978 0.114175 0.106567
3 0.985749 0.889899 0.028502 0.112061
10 0.835916 0.801596 0.148757 0.123871
