7 0.824239 0.573486 0.139425 0.103272
2 0.943133 0.839356 0.113733 0.134033
14 0.599732 0.649841 0.131740 0.148315
5 0.562405 0.882751 0.127349 0.104370
0 0.719396 0.820679 0.164675 0.169189
2 0.446929 0.063446 0.071768 0.126892
14 0.443909 0.342499 0.077806 0.120300
1 0.037691 0.326568 0.075382 0.106567
10 0.059099 0.099838 0.118197 0.174408
3 0.256936 0.221649 0.158912 0.160400
1 0.823141 0.203384 0.137778 0.102448
12 0.592870 0.218078 0.141072 0.179627
6 0.848392 0.352661 0.180045 0.148315
5 0.964267 0.197067 0.071466 0.173859
4 0.819024 0.064133 0.148208 0.128265
11 0.307437 0.848419 0.113351 0.112061
10 0.380031 0.699417 0.064223 0.060699
9 0.478354 0.823288 0.008916 0.107391
12 0.255289 0.707932 0.103471 0.075531
13 0.124921 0.911453 0.095786 0.085418
