1 0.038960 0.213394 0.077919 0.140350
4 0.254534 0.218613 0.155069 0.186493
7 0.231616 0.046890 0.130093 0.093780
8 0.466620 0.230423 0.101135 0.159576
14 0.226402 0.410874 0.155344 0.134857
0 0.974867 0.221497 0.050266 0.125794
2 0.904037 0.118912 0.161108 0.075531
6 0.700800 0.214768 0.076848 0.050262
3 0.756378 0.339874 0.079868 0.074707
3 0.082324 0.617005 0.164648 0.205444
13 0.236831 0.820389 0.147110 0.128815
9 0.061727 0.955994 0.113077 0.088013
5 0.453446 0.684159 0.127483 0.148590
7 0.472384 0.924957 0.089608 0.150085
3 0.582783 0.619339 0.118566 0.181549
2 0.875768 0.639252 0.189102 0.215332
8 0.710544 0.872711 0.122683 0.172486
