0 0.265606 0.419800 0.094963 0.082397
12 0.092183 0.129349 0.184366 0.141449
6 0.355080 0.095505 0.150403 0.191009
7 0.484279 0.103943 0.047066 0.114258
11 0.471105 0.331222 0.073414 0.171662
13 0.073932 0.364044 0.147863 0.163147
5 0.259293 0.263245 0.135033 0.085144
7 0.578959 0.061856 0.107525 0.123711
9 0.877711 0.160116 0.169336 0.160438
11 0.679402 0.366624 0.175774 0.164948
8 0.067894 0.574295 0.135787 0.138702
2 0.136061 0.874909 0.139974 0.238403
4 0.299227 0.700089 0.184711 0.157379
11 0.425545 0.908691 0.164535 0.158753
10 0.459304 0.657791 0.097018 0.159027
11 0.659588 0.635956 0.142169 0.095032
4 0.893152 0.750763 0.162480 0.126892
10 0.657942 0.889465 0.182790 0.136231
