4 0.593990 0.777024 0.137229 0.151337
7 0.835377 0.917373 0.172634 0.149140
8 0.826594 0.762604 0.156167 0.109314
2 0.794894 0.608246 0.220665 0.146118
0 0.129884 0.059402 0.152325 0.118805
5 0.121375 0.307907 0.089199 0.140350
1 0.290030 0.203537 0.132289 0.111237
12 0.443794 0.330566 0.087412 0.125794
11 0.436796 0.053497 0.101409 0.106995
3 0.725456 0.032898 0.129544 0.065796
7 0.795991 0.394699 0.208589 0.139801
10 0.979236 0.203949 0.041529 0.154358
12 0.602635 0.172501 0.138053 0.160675
14 0.794894 0.198868 0.132838 0.127167
11 0.229924 0.562378 0.203649 0.154358
10 0.034408 0.767822 0.068817 0.135681
3 0.204124 0.763977 0.147659 0.148315
8 0.433639 0.788010 0.107722 0.163421
6 0.235001 0.936371 0.174830 0.127258
