12 0.569226 0.122070 0.148756 0.137878
9 0.790714 0.150360 0.136680 0.175781
13 0.976734 0.156677 0.046531 0.112061
3 0.972068 0.361572 0.055863 0.119751
0 0.698908 0.432846 0.192944 0.134308
8 0.083437 0.098724 0.132564 0.096130
13 0.255935 0.055740 0.084533 0.079926
14 0.128174 0.344544 0.129270 0.144470
10 0.444555 0.195954 0.098391 0.134033
4 0.282831 0.267090 0.167969 0.188416
14 0.118156 0.658340 0.105392 0.133209
11 0.265404 0.741013 0.114449 0.105743
0 0.421570 0.652572 0.090297 0.098053
13 0.403868 0.880539 0.115822 0.122223
10 0.132154 0.904846 0.143267 0.104919
11 0.596535 0.622635 0.158363 0.132660
6 0.670913 0.878479 0.144640 0.128540
4 0.809240 0.769165 0.127074 0.087891
13 0.846155 0.568390 0.060381 0.108764
8 0.967265 0.840576 0.065469 0.127441
