3 0.567589 0.614374 0.097433 0.110962
6 0.792782 0.761041 0.153697 0.191162
12 0.619462 0.888071 0.138053 0.145843
4 0.961026 0.627557 0.077947 0.115356
8 0.945107 0.876809 0.081789 0.090363
0 0.134633 0.217493 0.102922 0.079651
5 0.177723 0.341638 0.127623 0.078552
13 0.042684 0.327905 0.085368 0.136780
12 0.075893 0.074551 0.151787 0.149103
6 0.308777 0.109003 0.178947 0.149964
11 0.419726 0.306894 0.132423 0.144745
11 0.639909 0.089520 0.169616 0.179041
7 0.835461 0.182199 0.163303 0.161774
2 0.989296 0.116693 0.021409 0.221375
1 0.997666 0.352762 0.004667 0.094757
0 0.634969 0.347955 0.157539 0.199402
10 0.085917 0.675073 0.154246 0.191162
4 0.293270 0.605448 0.147933 0.126618
8 0.427822 0.696771 0.116230 0.136231
14 0.328127 0.845774 0.229173 0.174408
11 0.111990 0.889719 0.113626 0.157929
