4 0.632118 0.090366 0.141621 0.090912
6 0.820946 0.027399 0.093316 0.054797
7 0.838236 0.225360 0.131740 0.169189
11 0.620591 0.352252 0.141620 0.103272
14 0.974696 0.320254 0.050607 0.122223
7 0.244860 0.043466 0.116096 0.086932
14 0.069481 0.176883 0.108960 0.098602
8 0.262013 0.206134 0.096061 0.089539
3 0.439793 0.227283 0.086040 0.080200
13 0.304966 0.393314 0.172634 0.129364
11 0.369829 0.851096 0.134894 0.121551
10 0.470555 0.812527 0.024514 0.109863
9 0.251578 0.666724 0.135478 0.112785
12 0.435810 0.668769 0.094005 0.111032
13 0.208074 0.819540 0.169931 0.198689
10 0.614415 0.628558 0.170439 0.149414
2 0.816691 0.653003 0.144640 0.150513
0 0.964816 0.765338 0.070369 0.109314
5 0.849764 0.894016 0.213529 0.128815
11 0.622512 0.888522 0.125702 0.182098
