4 0.280343 0.667368 0.182241 0.183746
7 0.483372 0.571375 0.052007 0.160950
12 0.495311 0.892038 0.028129 0.137604
5 0.076222 0.887781 0.152445 0.174133
9 0.064146 0.596918 0.128292 0.179626
2 0.138996 0.250986 0.073555 0.085418
4 0.425257 0.182046 0.068615 0.097504
0 0.275539 0.055524 0.108960 0.111047
3 0.484744 0.336816 0.049262 0.073608
6 0.217766 0.371012 0.128446 0.069488
7 0.986599 0.185123 0.026801 0.075970
1 0.887941 0.116751 0.088761 0.070126
14 0.681805 0.369787 0.082921 0.085319
8 0.790129 0.152398 0.064819 0.078307
0 0.602142 0.603235 0.184985 0.199402
7 0.856428 0.694559 0.129819 0.168365
11 0.630548 0.896295 0.176477 0.176331
2 0.994290 0.856332 0.011420 0.192535
