5 0.471835 0.942844 0.090705 0.114313
6 0.064896 0.621603 0.129792 0.138702
7 0.049664 0.912329 0.099327 0.168640
4 0.344693 0.779120 0.170713 0.200500
14 0.505868 0.605261 0.022640 0.111511
13 0.455230 0.342551 0.123915 0.187591
4 0.454132 0.077823 0.126111 0.155646
5 0.266884 0.225821 0.144640 0.078278
3 0.082585 0.357520 0.083435 0.137329
0 0.117991 0.037585 0.149854 0.075171
7 0.605426 0.066699 0.170987 0.133398
12 0.864378 0.151114 0.209138 0.188690
6 0.631500 0.343512 0.156716 0.136231
11 0.614871 0.801881 0.123798 0.132654
10 0.858673 0.634457 0.098688 0.094669
9 0.980870 0.850677 0.038260 0.094669
12 0.782467 0.914082 0.141317 0.098760
13 0.721151 0.681791 0.040877 0.060775
