0 0.623389 0.115430 0.116645 0.134583
11 0.696120 0.300550 0.140797 0.184570
12 0.820861 0.060910 0.111979 0.106842
5 0.946248 0.154019 0.107505 0.110687
9 0.895377 0.319226 0.188553 0.150513
13 0.144007 0.082780 0.166116 0.144974
4 0.300788 0.222922 0.197666 0.143041
0 0.449080 0.144636 0.070589 0.179768
9 0.116321 0.348889 0.150664 0.195232
6 0.464211 0.390448 0.040328 0.132732
5 0.037100 0.625607 0.074199 0.161774
11 0.080464 0.918668 0.160928 0.118927
14 0.265772 0.780377 0.109784 0.142822
4 0.450687 0.930426 0.067377 0.139148
2 0.428456 0.650738 0.111839 0.125244
7 0.818529 0.810040 0.111705 0.165344
1 0.981653 0.668179 0.036695 0.107941
2 0.986456 0.926443 0.027089 0.147113
8 0.605411 0.949103 0.089474 0.101794
13 0.620506 0.707455 0.146561 0.171112
