8 0.658098 0.356839 0.145189 0.127716
11 0.601422 0.087851 0.187730 0.175702
2 0.882193 0.224042 0.204747 0.169189
9 0.977051 0.413693 0.045898 0.149140
1 0.058023 0.059384 0.116045 0.111786
0 0.350570 0.243268 0.175379 0.201050
7 0.475653 0.080161 0.033069 0.160321
2 0.050749 0.358487 0.101499 0.199127
11 0.479633 0.388013 0.025110 0.146118
10 0.074190 0.636853 0.124330 0.137878
2 0.282779 0.615155 0.156167 0.190064
12 0.292796 0.784756 0.143267 0.111786
0 0.055415 0.913571 0.110830 0.162872
3 0.444502 0.866605 0.095371 0.139801
7 0.805482 0.836529 0.093590 0.109314
1 0.570957 0.935407 0.057636 0.067566
0 0.643003 0.697827 0.221488 0.141724
13 0.982266 0.931973 0.035469 0.070587
