2 0.668190 0.295587 0.160559 0.142822
4 0.652683 0.072262 0.148208 0.144525
12 0.952455 0.120493 0.095090 0.200226
13 0.977431 0.339945 0.045138 0.182098
9 0.880621 0.273340 0.107862 0.107117
11 0.280521 0.067594 0.096335 0.135187
12 0.276129 0.277597 0.130368 0.143646
7 0.447870 0.301767 0.101135 0.168365
9 0.099652 0.367959 0.105666 0.134857
1 0.102671 0.148782 0.097982 0.105743
5 0.036172 0.633966 0.072344 0.113159
9 0.339118 0.572855 0.166322 0.129913
13 0.257329 0.786127 0.104843 0.099426
7 0.099435 0.929456 0.198869 0.141089
3 0.460495 0.876215 0.075884 0.171936
1 0.679169 0.600595 0.144091 0.149140
2 0.707712 0.875897 0.155069 0.248206
4 0.961650 0.661844 0.076701 0.166168
3 0.983881 0.916452 0.032238 0.151337
