8 0.057358 0.602118 0.114716 0.167542
14 0.309719 0.745764 0.148482 0.152710
0 0.066553 0.948551 0.133105 0.102899
10 0.495595 0.935779 0.011936 0.128442
11 0.226240 0.376203 0.097521 0.102851
10 0.387119 0.133978 0.059563 0.110447
9 0.113829 0.249100 0.058395 0.108110
12 0.277044 0.073786 0.092849 0.089410
13 0.457772 0.287669 0.087581 0.146679
12 0.691488 0.310156 0.108686 0.149414
11 0.624520 0.114600 0.117469 0.149414
13 0.827070 0.032031 0.094414 0.064063
8 0.872631 0.331580 0.117469 0.132935
3 0.977210 0.190955 0.045580 0.115356
0 0.949489 0.827750 0.101021 0.198578
6 0.809505 0.917975 0.165224 0.135132
10 0.831874 0.671881 0.140249 0.091736
12 0.647712 0.792593 0.101275 0.097504
