0 0.084910 0.618600 0.169820 0.161774
11 0.424036 0.651834 0.167554 0.169464
3 0.478379 0.824320 0.058868 0.167816
9 0.331339 0.855631 0.175928 0.145843
5 0.128651 0.887766 0.166871 0.159576
9 0.113281 0.092081 0.106490 0.122772
6 0.287425 0.181344 0.140249 0.177704
2 0.115340 0.304666 0.128172 0.156830
13 0.471380 0.313318 0.072866 0.092834
5 0.479614 0.085489 0.056398 0.101898
9 0.653687 0.071789 0.235760 0.143579
5 0.708579 0.315378 0.138053 0.233734
0 0.903212 0.239572 0.193577 0.233734
7 0.978551 0.416315 0.042899 0.061523
8 0.721890 0.626565 0.141072 0.142548
12 0.723537 0.880075 0.135033 0.141998
13 0.941773 0.832559 0.116454 0.129913
6 0.949595 0.668176 0.100809 0.129089
