13 0.806093 0.591718 0.124879 0.117005
12 0.964320 0.800595 0.071360 0.121674
5 0.623716 0.706800 0.077946 0.096130
9 0.806093 0.808835 0.135308 0.149689
3 0.910525 0.958182 0.157539 0.083637
0 0.060112 0.155835 0.120224 0.171936
4 0.225205 0.345487 0.069438 0.105194
2 0.420412 0.208707 0.131050 0.159576
6 0.329087 0.037543 0.056538 0.075086
3 0.223695 0.106397 0.081789 0.063721
10 0.643338 0.064711 0.181295 0.129422
3 0.686955 0.301740 0.150194 0.167004
14 0.881905 0.273653 0.131989 0.126012
12 0.982294 0.302499 0.035412 0.179150
6 0.947021 0.084068 0.105958 0.168136
13 0.423980 0.906409 0.123915 0.187183
4 0.422882 0.638821 0.126111 0.161774
5 0.235634 0.789884 0.144640 0.078278
3 0.051335 0.921582 0.083435 0.137329
0 0.086741 0.583066 0.149854 0.112335
