1 0.282528 0.049509 0.138053 0.099017
4 0.272511 0.389743 0.158088 0.123321
9 0.057211 0.208743 0.114422 0.166168
12 0.272922 0.227970 0.177026 0.159576
14 0.485283 0.213962 0.063808 0.170563
6 0.636165 0.072031 0.184711 0.144061
7 0.898430 0.196521 0.203139 0.208191
0 0.689273 0.395648 0.256345 0.178528
7 0.044037 0.576923 0.088075 0.120300
2 0.487891 0.627734 0.058593 0.202148
1 0.314366 0.741718 0.195140 0.191711
0 0.120324 0.914255 0.230271 0.171490
11 0.492968 0.931695 0.048439 0.136609
7 0.841735 0.600543 0.116096 0.097778
14 0.666356 0.739383 0.108960 0.098602
8 0.858888 0.768634 0.096061 0.089539
3 0.996824 0.789783 0.006352 0.080200
13 0.901841 0.945566 0.172634 0.108868
