2 0.599210 0.092026 0.141006 0.118557
1 0.940135 0.158070 0.113320 0.121778
7 0.751483 0.236034 0.157102 0.166881
13 0.598888 0.340416 0.124909 0.117912
14 0.955259 0.390029 0.089483 0.116624
12 0.061854 0.153161 0.123708 0.140625
13 0.225258 0.255609 0.159186 0.177429
11 0.443657 0.137231 0.087686 0.164795
7 0.410243 0.435235 0.113077 0.095032
5 0.069814 0.370691 0.139627 0.102173
11 0.042292 0.822194 0.084583 0.132654
10 0.266485 0.654769 0.098688 0.094669
9 0.404882 0.870990 0.070658 0.094669
12 0.190279 0.934395 0.141317 0.098760
13 0.128964 0.702104 0.040877 0.060775
7 0.854263 0.786203 0.111508 0.107034
5 0.959180 0.684483 0.081639 0.146508
8 0.984213 0.940736 0.031574 0.118529
6 0.654383 0.896654 0.133506 0.157895
3 0.610007 0.654118 0.170676 0.167763
