2 0.206460 0.395856 0.151776 0.112061
0 0.361529 0.081784 0.124879 0.107391
4 0.227182 0.152371 0.078495 0.082123
6 0.462185 0.296429 0.091254 0.135681
3 0.101617 0.252896 0.060107 0.050812
7 0.590974 0.101697 0.165773 0.137878
12 0.833458 0.212796 0.170987 0.171112
4 0.992411 0.405194 0.015178 0.185120
5 0.584387 0.377042 0.143267 0.171112
4 0.068168 0.663647 0.136336 0.159302
3 0.423349 0.735882 0.168926 0.140075
7 0.228279 0.812787 0.126800 0.113708
10 0.080244 0.917242 0.160489 0.165515
14 0.370724 0.950476 0.137229 0.099048
4 0.713924 0.684311 0.121777 0.159713
8 0.893266 0.773799 0.096232 0.106826
2 0.993087 0.908996 0.013827 0.154460
14 0.692928 0.927384 0.118278 0.084760
