1 0.761241 0.808456 0.144365 0.137604
4 0.971192 0.817520 0.057616 0.164520
7 0.784844 0.589691 0.164675 0.180725
9 0.565415 0.762176 0.116645 0.171387
14 0.762476 0.953598 0.139151 0.092804
2 0.052030 0.221749 0.104059 0.084151
0 0.164790 0.367551 0.163507 0.142004
4 0.451506 0.204217 0.078238 0.102851
3 0.190776 0.135552 0.103360 0.077722
6 0.346692 0.165356 0.077666 0.083566
1 0.788001 0.387268 0.153423 0.131286
2 0.825465 0.193634 0.189377 0.144470
4 0.602330 0.174545 0.111430 0.198029
8 0.985052 0.196793 0.029896 0.170013
14 0.800352 0.033646 0.151776 0.067291
3 0.025130 0.610977 0.050259 0.179901
2 0.286705 0.634598 0.179221 0.204621
1 0.435117 0.882889 0.111015 0.128815
8 0.123402 0.866409 0.119389 0.161224
