7 0.244831 0.154654 0.125154 0.096405
2 0.454173 0.154517 0.104154 0.151062
5 0.156318 0.335105 0.178123 0.178253
10 0.429954 0.344580 0.145738 0.153809
5 0.686116 0.119373 0.094482 0.080207
2 0.889428 0.226549 0.136475 0.144653
14 0.988981 0.121299 0.022038 0.103674
3 0.651473 0.371902 0.110579 0.087913
11 0.230928 0.955357 0.097521 0.089285
10 0.391807 0.719915 0.059563 0.110447
9 0.118516 0.835038 0.058395 0.108110
12 0.281731 0.659724 0.092849 0.089410
13 0.462459 0.873607 0.087581 0.146679
10 0.705644 0.660574 0.116645 0.113434
3 0.868673 0.779639 0.130917 0.104370
1 0.992179 0.677466 0.015643 0.077453
9 0.669141 0.884970 0.085905 0.097504
4 0.994237 0.891150 0.011526 0.086242
