13 0.804531 0.050891 0.124879 0.101782
12 0.963539 0.252158 0.072923 0.121674
5 0.622153 0.158362 0.077946 0.096130
9 0.804531 0.260397 0.135308 0.149689
3 0.908962 0.430685 0.157539 0.125519
7 0.125524 0.392233 0.174007 0.155731
9 0.046020 0.227438 0.092040 0.172760
11 0.202921 0.087088 0.137229 0.129364
4 0.405126 0.167700 0.158497 0.191162
12 0.412333 0.380286 0.130642 0.168640
11 0.073328 0.716330 0.146657 0.185394
8 0.254382 0.618689 0.140249 0.115356
2 0.455216 0.682135 0.058319 0.205444
10 0.371439 0.939533 0.147110 0.120935
0 0.091443 0.938159 0.182886 0.123682
7 0.785456 0.717154 0.125154 0.096405
2 0.971361 0.717017 0.057279 0.151062
5 0.696943 0.897605 0.178123 0.178253
10 0.948855 0.907080 0.102290 0.153809
