5 0.630652 0.580746 0.144640 0.144745
3 0.848435 0.728787 0.226154 0.164520
12 0.972934 0.876828 0.054132 0.113434
9 0.650825 0.884656 0.163028 0.157105
3 0.115359 0.114514 0.181417 0.111511
11 0.157763 0.362256 0.114724 0.177429
8 0.308166 0.229321 0.116920 0.157654
7 0.454382 0.320371 0.075610 0.092560
14 0.465498 0.071677 0.053379 0.143353
7 0.673742 0.339459 0.105118 0.086242
13 0.912141 0.354977 0.175717 0.134857
8 0.646570 0.101614 0.125977 0.203229
4 0.812618 0.044485 0.167146 0.088971
9 0.990088 0.077307 0.019825 0.154614
2 0.217046 0.617825 0.128995 0.125519
6 0.064884 0.737439 0.129768 0.164246
13 0.106164 0.928320 0.125702 0.143359
3 0.326555 0.902234 0.118566 0.171387
10 0.420145 0.743481 0.121860 0.143372
