7 0.670457 0.778583 0.137814 0.121551
1 0.846812 0.930522 0.057228 0.038569
14 0.853235 0.647974 0.121463 0.097592
8 0.884769 0.786764 0.100440 0.088826
5 0.054455 0.053042 0.108909 0.106085
7 0.240100 0.159918 0.165773 0.160950
0 0.432288 0.083667 0.119798 0.167334
11 0.428995 0.342978 0.126385 0.218353
12 0.072431 0.322241 0.144863 0.193909
2 0.650002 0.066535 0.126800 0.119751
6 0.869568 0.171179 0.126800 0.126343
11 0.694601 0.251242 0.114449 0.167816
13 0.993930 0.042743 0.012140 0.085486
7 0.987617 0.316748 0.024765 0.088989
6 0.066668 0.603903 0.133336 0.171112
2 0.454383 0.641806 0.075610 0.196381
11 0.277701 0.743567 0.200355 0.175781
0 0.111130 0.923968 0.222261 0.152063
7 0.423780 0.899023 0.136815 0.196106
