0 0.701759 0.079843 0.152325 0.121674
5 0.693250 0.329782 0.089199 0.140350
1 0.861905 0.225412 0.132289 0.111237
12 0.985982 0.352441 0.028037 0.125794
11 0.978983 0.074625 0.042034 0.108490
5 0.064071 0.044797 0.128143 0.089594
12 0.467304 0.070340 0.059142 0.140680
9 0.276351 0.176935 0.170164 0.170288
7 0.073540 0.377435 0.147081 0.155456
11 0.446445 0.371530 0.100860 0.180451
2 0.059543 0.769098 0.119086 0.176880
6 0.270175 0.680383 0.250581 0.163147
7 0.263588 0.825952 0.125428 0.083496
9 0.437251 0.903131 0.119249 0.137878
0 0.159706 0.944150 0.233290 0.111701
11 0.583192 0.679834 0.113351 0.160400
13 0.810033 0.637811 0.171262 0.191711
4 0.989275 0.736414 0.021450 0.159302
0 0.853809 0.934399 0.234114 0.131201
3 0.577017 0.910272 0.116371 0.137878
