7 0.567093 0.641583 0.158637 0.149414
12 0.814655 0.741833 0.167420 0.167542
4 0.987881 0.631146 0.024238 0.229065
9 0.974707 0.919669 0.050586 0.160663
5 0.585207 0.913214 0.194866 0.173572
12 0.114926 0.311719 0.108686 0.149414
11 0.053346 0.116162 0.106692 0.149414
13 0.250508 0.032813 0.094414 0.065625
8 0.296068 0.333142 0.117469 0.132935
3 0.432679 0.192517 0.109643 0.115356
11 0.618554 0.059180 0.196787 0.118359
0 0.985274 0.076895 0.029452 0.153790
1 0.823849 0.190457 0.112802 0.123871
7 0.591657 0.327100 0.180319 0.193909
2 0.974707 0.337811 0.050586 0.190613
4 0.038251 0.670972 0.076501 0.126892
13 0.240627 0.762158 0.181692 0.212036
9 0.468358 0.678250 0.038284 0.173309
12 0.050190 0.911160 0.100380 0.168365
0 0.403586 0.900168 0.167828 0.199664
