14 0.665243 0.120073 0.152571 0.123638
12 0.929028 0.209912 0.141943 0.141501
10 0.993416 0.083647 0.013167 0.115232
9 0.640922 0.406577 0.143123 0.104725
5 0.411027 0.069221 0.159197 0.133557
0 0.429536 0.294904 0.122179 0.202773
2 0.227193 0.255421 0.163659 0.178401
9 0.054660 0.089206 0.109319 0.120884
3 0.044431 0.370943 0.088862 0.150130
2 0.215483 0.639700 0.128995 0.125519
6 0.064103 0.759314 0.128205 0.164246
13 0.104602 0.939258 0.125702 0.121484
3 0.324992 0.919208 0.118566 0.161584
10 0.418583 0.765356 0.121860 0.143372
2 0.588195 0.772223 0.174281 0.176880
6 0.826425 0.683508 0.250581 0.163147
7 0.819838 0.829077 0.125428 0.083496
9 0.966938 0.906256 0.066124 0.137878
0 0.715956 0.945712 0.233290 0.108576
