10 0.155117 0.674758 0.176418 0.172036
0 0.306103 0.794604 0.122978 0.163015
8 0.475643 0.683135 0.070589 0.146263
12 0.164775 0.956097 0.133923 0.087806
6 0.476930 0.959641 0.068014 0.080718
2 0.087570 0.080801 0.175140 0.161603
0 0.461742 0.092062 0.098391 0.184125
9 0.339678 0.263226 0.133113 0.167542
13 0.059301 0.367871 0.118602 0.158753
1 0.493991 0.357846 0.033893 0.135407
5 0.689885 0.090466 0.170713 0.164246
0 0.899297 0.211865 0.173458 0.153259
4 0.725976 0.327771 0.152325 0.164795
9 0.987249 0.389569 0.025502 0.136231
1 0.781554 0.811581 0.144365 0.137604
4 0.981348 0.820645 0.037303 0.164520
7 0.805157 0.592816 0.164675 0.180725
9 0.585727 0.765301 0.116645 0.171387
14 0.782789 0.955160 0.139151 0.089679
