7 0.308950 0.222141 0.111508 0.107034
5 0.438868 0.120420 0.131639 0.146508
8 0.463900 0.386108 0.081574 0.137399
6 0.109070 0.332591 0.133506 0.157895
3 0.075016 0.090056 0.150032 0.167763
0 0.666618 0.186206 0.204198 0.096680
12 0.776402 0.352100 0.144914 0.127441
1 0.976576 0.357044 0.046847 0.117554
11 0.965049 0.140613 0.069901 0.165894
6 0.825255 0.074695 0.143816 0.132934
11 0.061691 0.614374 0.123382 0.153055
13 0.422449 0.672379 0.128589 0.132582
1 0.272916 0.805448 0.145150 0.117959
10 0.054385 0.913172 0.108769 0.130633
8 0.440189 0.919021 0.128998 0.130633
14 0.621058 0.667682 0.152599 0.131286
7 0.802475 0.791003 0.149854 0.140625
3 0.960383 0.676197 0.079233 0.179077
5 0.625724 0.906085 0.134485 0.113708
