11 0.827396 0.066031 0.096335 0.132062
12 0.823004 0.274472 0.130368 0.143646
7 0.972089 0.298642 0.055822 0.168365
9 0.646527 0.364834 0.105666 0.134857
1 0.649546 0.145657 0.097982 0.105743
1 0.448987 0.286008 0.067651 0.111237
6 0.212062 0.418805 0.197611 0.122497
8 0.126294 0.097455 0.142444 0.127991
9 0.356839 0.080862 0.152874 0.161725
14 0.225785 0.252225 0.138876 0.146393
7 0.105298 0.730817 0.147110 0.132385
13 0.038514 0.934485 0.077028 0.131030
11 0.287127 0.628644 0.162754 0.175781
0 0.252408 0.873639 0.198159 0.126343
8 0.435401 0.873364 0.094823 0.126892
5 0.604124 0.714612 0.180045 0.165894
12 0.825200 0.842603 0.108960 0.114258
4 0.972226 0.838071 0.055548 0.112335
13 0.821906 0.629880 0.130368 0.108490
9 0.646802 0.906323 0.103471 0.116455
