10 0.076198 0.140784 0.076574 0.109864
3 0.283963 0.197775 0.089199 0.094208
6 0.475877 0.098349 0.070121 0.134857
9 0.454606 0.354743 0.112662 0.159851
13 0.172533 0.394156 0.119938 0.116180
1 0.766229 0.169491 0.119114 0.148840
10 0.992410 0.165303 0.015180 0.140464
0 0.962792 0.369233 0.074415 0.173325
14 0.722124 0.372455 0.130060 0.138531
10 0.154795 0.713628 0.151308 0.159794
6 0.344735 0.801256 0.115251 0.154639
4 0.480150 0.727803 0.061575 0.140464
13 0.204373 0.965383 0.117827 0.069233
7 0.466951 0.925612 0.087974 0.141753
3 0.569397 0.643408 0.111430 0.176880
11 0.868420 0.644232 0.141346 0.177429
8 0.709371 0.894034 0.132838 0.163971
