5 0.730306 0.156055 0.113379 0.180728
10 0.999353 0.210344 0.001294 0.128191
1 0.700911 0.391248 0.136475 0.114531
7 0.896175 0.308589 0.105681 0.075304
6 0.988505 0.396501 0.022990 0.127140
1 0.027241 0.213394 0.054482 0.140350
4 0.231096 0.218613 0.155069 0.186493
7 0.208179 0.046890 0.130093 0.093780
8 0.443183 0.230423 0.101135 0.159576
14 0.202964 0.410874 0.155344 0.134857
12 0.105669 0.659576 0.119389 0.125794
10 0.308768 0.783859 0.135308 0.095856
9 0.474471 0.923172 0.038558 0.153656
6 0.467061 0.656143 0.053379 0.133759
13 0.139701 0.935120 0.156167 0.129761
13 0.829688 0.585007 0.179496 0.140350
2 0.606415 0.765183 0.188004 0.232086
0 0.844371 0.783173 0.218195 0.182373
12 0.991692 0.796356 0.016616 0.153809
14 0.817062 0.950638 0.148208 0.098725
