3 0.618407 0.076752 0.141895 0.153504
13 0.996453 0.076324 0.007094 0.137878
5 0.833858 0.233292 0.220390 0.200226
9 0.582590 0.424591 0.129544 0.154907
0 0.071798 0.123703 0.143597 0.135956
12 0.441863 0.284652 0.106899 0.177704
11 0.271220 0.046127 0.166871 0.092254
10 0.139343 0.319671 0.139151 0.117005
3 0.277670 0.236862 0.118292 0.113983
11 0.277396 0.629624 0.096335 0.139252
12 0.273004 0.841660 0.130368 0.143646
7 0.444745 0.865830 0.101135 0.168365
9 0.096527 0.932022 0.105666 0.134857
1 0.099546 0.712845 0.097982 0.105743
9 0.607154 0.637451 0.128721 0.169189
5 0.868165 0.729736 0.207765 0.170288
4 0.998649 0.906204 0.002702 0.187591
7 0.609625 0.922135 0.156167 0.155731
