5 0.088982 0.591852 0.111430 0.113708
6 0.062497 0.909906 0.071085 0.096680
12 0.265185 0.776285 0.122409 0.126618
14 0.433769 0.613275 0.163712 0.095581
9 0.493052 0.901666 0.045145 0.141724
7 0.243640 0.037610 0.099079 0.075220
8 0.102156 0.121362 0.104294 0.113159
2 0.461627 0.227518 0.107996 0.163421
0 0.111076 0.326669 0.129819 0.156830
10 0.265185 0.244409 0.143267 0.134583
7 0.597963 0.057385 0.162480 0.114770
14 0.868030 0.075925 0.160833 0.151850
2 0.989868 0.341089 0.020265 0.193909
3 0.582044 0.336008 0.127897 0.107941
0 0.616938 0.593460 0.136383 0.190100
7 0.834176 0.882997 0.101313 0.155004
12 0.617425 0.898595 0.174375 0.190100
14 0.981383 0.627093 0.037235 0.140381
6 0.962874 0.803057 0.074253 0.145256
