3 0.807457 0.588697 0.158088 0.137329
7 0.599554 0.784802 0.128721 0.142822
4 0.811710 0.776425 0.184711 0.168365
9 0.988673 0.762006 0.022654 0.141175
6 0.787558 0.957083 0.130368 0.085834
10 0.106080 0.132764 0.103746 0.136780
2 0.391584 0.116971 0.204332 0.157929
9 0.239879 0.266660 0.122683 0.129913
1 0.073145 0.321042 0.097159 0.103546
11 0.361464 0.359906 0.117743 0.127441
0 0.655681 0.169019 0.204198 0.096680
12 0.765464 0.334912 0.144914 0.127441
1 0.971108 0.339856 0.057785 0.117554
11 0.959581 0.123425 0.080839 0.165894
6 0.814318 0.061987 0.143816 0.123975
8 0.077085 0.636099 0.111388 0.135954
1 0.407386 0.687323 0.120402 0.121134
6 0.263805 0.802336 0.138430 0.148840
13 0.076119 0.903495 0.141650 0.119201
14 0.441393 0.907361 0.104714 0.137242
