2 0.274779 0.060315 0.127074 0.120630
0 0.260919 0.332391 0.187730 0.182373
5 0.440070 0.251230 0.126110 0.165070
1 0.050729 0.126947 0.101458 0.125244
10 0.060838 0.337061 0.114175 0.123047
7 0.823144 0.249582 0.082338 0.127716
6 0.654489 0.203028 0.151227 0.124695
3 0.661076 0.360269 0.156716 0.121674
8 0.917884 0.360269 0.164231 0.088165
10 0.967013 0.215661 0.065975 0.135132
5 0.816557 0.068143 0.165224 0.136286
0 0.133157 0.882944 0.152874 0.123321
1 0.046475 0.668573 0.092949 0.079102
4 0.252548 0.642892 0.097433 0.124420
2 0.449813 0.656488 0.106624 0.190613
6 0.457086 0.933850 0.092078 0.132300
5 0.953214 0.628596 0.093572 0.133557
0 0.971723 0.854279 0.056554 0.202773
2 0.802193 0.814796 0.163659 0.178401
9 0.614667 0.648581 0.139305 0.120884
3 0.586903 0.927627 0.153918 0.144747
