3 0.073095 0.073627 0.141895 0.147254
13 0.480047 0.070074 0.064906 0.137878
5 0.288545 0.227042 0.220390 0.200226
9 0.051025 0.418341 0.102050 0.154907
7 0.487869 0.344046 0.049262 0.227143
12 0.672784 0.270026 0.109784 0.133484
5 0.691859 0.089712 0.142444 0.144745
10 0.854613 0.141898 0.119938 0.127716
0 0.982130 0.222785 0.035741 0.132935
1 0.849123 0.347616 0.133113 0.088165
4 0.163118 0.652980 0.167404 0.141753
3 0.315392 0.768637 0.130704 0.121778
8 0.488151 0.663934 0.048698 0.140464
0 0.441471 0.890738 0.142058 0.188144
14 0.186297 0.922954 0.150663 0.143041
4 0.589074 0.685034 0.149854 0.126892
13 0.828127 0.776221 0.181692 0.212036
12 0.608973 0.920520 0.157814 0.158960
0 0.953586 0.907199 0.092828 0.185602
