0 0.680129 0.668741 0.149854 0.106842
3 0.897912 0.729852 0.134210 0.133484
4 0.984293 0.864709 0.031414 0.120300
2 0.685070 0.849741 0.125702 0.069488
4 0.086204 0.068063 0.145738 0.132110
2 0.300968 0.248376 0.166322 0.187866
8 0.073086 0.317453 0.146173 0.154083
0 0.463651 0.363596 0.069572 0.120026
12 0.447733 0.090997 0.101410 0.174683
1 0.617004 0.060785 0.100452 0.092834
5 0.620023 0.350412 0.147110 0.117829
8 0.839315 0.224481 0.109784 0.115906
12 0.983058 0.254556 0.033885 0.162872
6 0.835061 0.032864 0.116096 0.065729
11 0.082692 0.597055 0.165385 0.173859
0 0.458711 0.619577 0.079452 0.199676
1 0.272287 0.756082 0.112802 0.123871
7 0.065127 0.892725 0.130255 0.193909
2 0.448145 0.903436 0.100586 0.190613
