1 0.221199 0.728802 0.122978 0.128222
10 0.482168 0.716237 0.073165 0.153351
13 0.489894 0.912758 0.057712 0.127577
9 0.239227 0.923711 0.160322 0.123711
12 0.098323 0.133573 0.104280 0.128541
9 0.286939 0.192240 0.121777 0.111379
3 0.461731 0.118337 0.101831 0.089664
13 0.385970 0.311500 0.118278 0.123638
1 0.076803 0.376471 0.104630 0.086161
12 0.712792 0.141980 0.184985 0.160400
0 0.922541 0.124402 0.154919 0.162048
9 0.749021 0.311856 0.157539 0.142548
7 0.776192 0.606702 0.108686 0.107117
13 0.982235 0.603131 0.035529 0.101075
14 0.990881 0.917615 0.018238 0.118653
8 0.858393 0.795667 0.152874 0.140075
12 0.681641 0.813519 0.137504 0.190613
