13 0.053569 0.089441 0.107138 0.127991
0 0.249581 0.207269 0.110333 0.114258
12 0.076898 0.353250 0.153795 0.210663
2 0.290475 0.411478 0.179496 0.145294
7 0.466745 0.344049 0.075885 0.106567
5 0.490760 0.158380 0.027854 0.112610
9 0.716981 0.094247 0.156716 0.140351
8 0.778186 0.358057 0.132015 0.124695
1 0.962579 0.307657 0.074842 0.138153
4 0.962579 0.145334 0.074842 0.109040
0 0.450895 0.721060 0.107585 0.117683
2 0.280575 0.966305 0.125276 0.067390
10 0.125028 0.725438 0.161320 0.168470
5 0.088285 0.958600 0.091333 0.082801
9 0.465067 0.919126 0.079240 0.140450
10 0.649190 0.632166 0.124330 0.137878
2 0.857779 0.610468 0.156167 0.190064
12 0.867796 0.780069 0.143267 0.111786
0 0.617216 0.908883 0.137229 0.162872
3 0.985908 0.861917 0.028184 0.139801
