2 0.115181 0.644229 0.204747 0.171112
3 0.174876 0.913943 0.141895 0.159576
11 0.343256 0.799137 0.128995 0.149140
7 0.482748 0.808200 0.040754 0.077179
0 0.186677 0.183627 0.151776 0.178253
2 0.416055 0.303104 0.174141 0.172760
13 0.426692 0.067163 0.131740 0.134326
5 0.042495 0.064416 0.084990 0.128833
14 0.029184 0.345813 0.058368 0.120300
9 0.862391 0.045190 0.152599 0.090381
5 0.633630 0.213702 0.195140 0.208740
7 0.875154 0.220294 0.167146 0.138977
12 0.855667 0.387287 0.156167 0.131286
2 0.607145 0.675128 0.163577 0.123047
7 0.823007 0.650684 0.123781 0.124695
6 0.942997 0.794055 0.114005 0.138428
3 0.609615 0.919849 0.143267 0.113159
0 0.917610 0.954980 0.164780 0.090039
