0 0.960763 0.737372 0.078475 0.096680
4 0.868829 0.639868 0.103746 0.094483
3 0.711427 0.849707 0.079319 0.067017
6 0.818878 0.923865 0.070261 0.083496
2 0.061694 0.120034 0.123389 0.145704
13 0.229244 0.205145 0.119328 0.119785
4 0.030550 0.358904 0.061100 0.100171
10 0.443307 0.355577 0.094637 0.075304
14 0.440857 0.106725 0.099536 0.135897
2 0.697704 0.184897 0.172634 0.127716
6 0.889825 0.095770 0.154521 0.175781
9 0.977230 0.344061 0.045540 0.132386
0 0.782649 0.381552 0.233839 0.141998
7 0.219601 0.595374 0.180594 0.185669
9 0.043244 0.775961 0.086488 0.196381
1 0.206152 0.810568 0.160833 0.139801
4 0.434431 0.821418 0.112388 0.171387
14 0.212602 0.951221 0.188553 0.097559
