11 0.113240 0.103723 0.150403 0.102173
6 0.486434 0.350366 0.064632 0.136231
9 0.338296 0.248743 0.104294 0.124145
8 0.339394 0.038403 0.102099 0.076806
14 0.080306 0.377283 0.139425 0.139526
2 0.688503 0.303399 0.160559 0.142822
4 0.672996 0.077905 0.148208 0.148864
12 0.962611 0.128305 0.074777 0.200226
13 0.987587 0.347757 0.024825 0.182098
9 0.900934 0.281153 0.107862 0.107117
7 0.246765 0.616373 0.099079 0.105194
8 0.105281 0.715112 0.104294 0.113159
2 0.464752 0.821268 0.107996 0.163421
0 0.114201 0.920419 0.129819 0.156830
10 0.268310 0.838159 0.143267 0.134583
9 0.617829 0.660730 0.163028 0.117004
4 0.848512 0.765100 0.150129 0.125794
13 0.984157 0.907373 0.031687 0.132386
0 0.618104 0.904352 0.184985 0.170288
