13 0.635761 0.348218 0.132015 0.118103
14 0.898692 0.242063 0.116096 0.126068
9 0.897594 0.028815 0.109509 0.057629
12 0.691064 0.087705 0.132838 0.121124
6 0.062910 0.084408 0.125820 0.127716
7 0.050422 0.373623 0.100844 0.181549
14 0.333310 0.261151 0.141072 0.101624
4 0.465804 0.073834 0.046517 0.145569
5 0.434790 0.364011 0.108545 0.126618
0 0.063724 0.626514 0.127447 0.174613
1 0.310304 0.761823 0.146801 0.165593
9 0.088190 0.925854 0.176381 0.148293
11 0.447329 0.932297 0.083467 0.135406
12 0.631136 0.711698 0.104280 0.128541
9 0.819751 0.770365 0.121777 0.111379
3 0.971814 0.696462 0.056372 0.089664
13 0.918782 0.889625 0.118278 0.123638
1 0.609615 0.954596 0.104630 0.086161
