3 0.610900 0.606067 0.166871 0.205444
13 0.766519 0.809451 0.147110 0.128815
9 0.591414 0.950525 0.113077 0.098950
5 0.959696 0.673221 0.080608 0.148590
7 0.978634 0.919489 0.042733 0.161023
0 0.319154 0.041284 0.135308 0.082568
1 0.459607 0.232532 0.049537 0.080750
2 0.059056 0.177875 0.118113 0.230713
6 0.265772 0.384418 0.154246 0.145569
9 0.253833 0.178561 0.161108 0.149689
10 0.849268 0.033594 0.106764 0.067187
1 0.639856 0.082431 0.116096 0.084320
3 0.805629 0.252170 0.118292 0.162323
8 0.956266 0.295154 0.087469 0.115356
4 0.639307 0.335529 0.146287 0.142273
0 0.127582 0.624194 0.151776 0.120850
1 0.286768 0.769763 0.133661 0.110413
12 0.440395 0.898029 0.087961 0.126343
10 0.119074 0.898029 0.112802 0.158203
11 0.455627 0.626666 0.057496 0.140625
