6 0.078808 0.202924 0.157616 0.162048
2 0.283318 0.084296 0.188828 0.168592
10 0.454510 0.224347 0.090980 0.130737
3 0.419587 0.404523 0.100177 0.135681
13 0.158714 0.395322 0.136680 0.147491
8 0.989740 0.283673 0.020520 0.131286
5 0.684848 0.332150 0.138602 0.124420
1 0.860501 0.211163 0.102922 0.104370
6 0.879165 0.027304 0.101275 0.054608
4 0.668930 0.073560 0.127074 0.130188
13 0.438043 0.910315 0.123915 0.179370
4 0.436945 0.646634 0.126111 0.161774
5 0.249697 0.797696 0.144640 0.078278
3 0.065397 0.929395 0.083435 0.137329
0 0.100803 0.590878 0.149854 0.112335
7 0.579456 0.669843 0.118292 0.119751
12 0.990014 0.914572 0.019972 0.170856
6 0.976291 0.662839 0.047417 0.149689
9 0.826057 0.804150 0.154246 0.127991
10 0.608686 0.916760 0.120762 0.144470
