7 0.262259 0.055441 0.254423 0.110882
4 0.053526 0.223630 0.107053 0.195832
14 0.268709 0.248486 0.179496 0.164245
12 0.455820 0.266888 0.100860 0.201050
8 0.237283 0.423443 0.128721 0.151611
11 0.612921 0.067326 0.149047 0.134651
13 0.961109 0.116129 0.077783 0.132582
1 0.836978 0.249198 0.145150 0.117959
10 0.598308 0.356922 0.149047 0.130633
8 0.969876 0.362771 0.060248 0.130633
11 0.066975 0.717877 0.133950 0.179626
2 0.297116 0.598401 0.195140 0.158753
10 0.495205 0.709225 0.022090 0.191437
8 0.433452 0.932410 0.145597 0.135181
0 0.197213 0.920874 0.242347 0.158252
3 0.839169 0.652097 0.153697 0.152435
1 0.632364 0.828839 0.118292 0.131286
6 0.870320 0.823895 0.184162 0.144470
10 0.874711 0.964957 0.145189 0.070086
