2 0.652409 0.651901 0.149772 0.141501
7 0.942505 0.653653 0.071387 0.101572
13 0.829301 0.787097 0.122827 0.121186
11 0.650484 0.895324 0.099032 0.122587
9 0.983325 0.915639 0.033350 0.123288
0 0.328590 0.235813 0.168425 0.200023
7 0.473375 0.105850 0.050124 0.153317
10 0.108420 0.333286 0.156249 0.135041
3 0.470839 0.335825 0.055197 0.176670
13 0.104869 0.066378 0.159293 0.132756
4 0.621944 0.113434 0.140523 0.176331
13 0.827788 0.242523 0.165773 0.121399
3 0.972079 0.125519 0.055841 0.107117
1 0.621121 0.335083 0.145463 0.135132
14 0.953965 0.341400 0.092070 0.111511
11 0.081798 0.841517 0.108031 0.108695
10 0.454355 0.838596 0.088165 0.081813
9 0.236837 0.681398 0.147157 0.123888
12 0.185157 0.969847 0.118543 0.060307
13 0.392170 0.639907 0.092265 0.108695
