5 0.094565 0.055277 0.138053 0.110553
3 0.463093 0.051294 0.086314 0.102588
9 0.306585 0.169879 0.151501 0.151611
12 0.130794 0.292926 0.181966 0.141175
4 0.463505 0.313938 0.085491 0.170563
1 0.624816 0.074847 0.100452 0.092834
5 0.627835 0.364474 0.147110 0.117829
8 0.847128 0.238543 0.109784 0.115906
12 0.986964 0.268619 0.026072 0.162872
6 0.842874 0.039896 0.116096 0.079791
7 0.072471 0.685413 0.055440 0.073608
9 0.473111 0.633365 0.066279 0.113983
11 0.068080 0.914478 0.114175 0.106567
3 0.463093 0.877399 0.086314 0.112061
10 0.284353 0.789096 0.148757 0.123871
11 0.814604 0.646548 0.183064 0.152985
13 0.626051 0.774951 0.125428 0.111511
3 0.675454 0.951196 0.115547 0.097607
1 0.982573 0.918460 0.034855 0.117279
9 0.982298 0.717959 0.035404 0.131012
