5 0.085340 0.054684 0.144640 0.109369
3 0.303123 0.185037 0.226154 0.164520
4 0.482274 0.077206 0.054202 0.154412
12 0.454965 0.333078 0.108819 0.113434
9 0.105512 0.340906 0.163028 0.157105
6 0.801125 0.421930 0.197611 0.122497
8 0.715356 0.100580 0.142444 0.127991
9 0.934732 0.082425 0.130535 0.164850
14 0.814848 0.255350 0.138876 0.146393
13 0.064970 0.641519 0.129939 0.144745
12 0.071007 0.934812 0.142015 0.130377
11 0.311219 0.901028 0.194591 0.197943
7 0.476647 0.918649 0.065456 0.159027
6 0.365013 0.648386 0.173732 0.183746
5 0.508073 0.713205 0.002604 0.116730
12 0.959022 0.676538 0.081956 0.144470
5 0.913378 0.907113 0.120213 0.139801
9 0.804692 0.764154 0.203100 0.136780
14 0.615727 0.937738 0.135857 0.122497
2 0.643860 0.668024 0.149305 0.158203
