7 0.045040 0.039313 0.090080 0.078626
11 0.485642 0.090399 0.059966 0.180798
1 0.324605 0.184781 0.148482 0.186493
0 0.113518 0.370175 0.227035 0.213959
2 0.458882 0.346142 0.113486 0.205994
11 0.667401 0.084393 0.142169 0.095032
4 0.900965 0.199201 0.162480 0.126892
10 0.665754 0.337903 0.182790 0.136231
3 0.081543 0.627942 0.163086 0.205444
13 0.235269 0.831326 0.147110 0.128815
9 0.060164 0.961462 0.113077 0.077075
5 0.451884 0.695096 0.127483 0.148590
7 0.470821 0.930426 0.089608 0.139148
0 0.849230 0.795483 0.138602 0.152710
4 0.844427 0.954871 0.161931 0.090259
9 0.884772 0.630276 0.146561 0.118927
10 0.644895 0.814435 0.139974 0.156555
13 0.992749 0.789441 0.014502 0.179077
