7 0.803888 0.204831 0.080691 0.086518
5 0.998828 0.295880 0.002344 0.150513
1 0.918337 0.180661 0.101001 0.104645
14 0.776717 0.412885 0.128995 0.154358
8 0.637155 0.258115 0.135857 0.177154
2 0.265404 0.062659 0.127074 0.125318
0 0.251544 0.337079 0.187730 0.182373
5 0.430695 0.255917 0.126110 0.165070
1 0.046042 0.131635 0.092083 0.125244
10 0.054275 0.341748 0.108551 0.123047
12 0.141348 0.698666 0.144091 0.163421
9 0.334979 0.720227 0.121860 0.124145
7 0.475020 0.756482 0.037461 0.150513
0 0.186222 0.928915 0.171811 0.142169
11 0.419924 0.945807 0.110058 0.108386
6 0.926846 0.594983 0.112528 0.120850
3 0.724295 0.713910 0.114175 0.111511
8 0.706181 0.916607 0.127349 0.135681
1 0.859740 0.842725 0.151776 0.106018
12 0.995123 0.909741 0.009754 0.117005
