7 0.055111 0.066495 0.110222 0.132990
13 0.488081 0.059216 0.061338 0.118433
9 0.313047 0.215112 0.231094 0.219727
5 0.091009 0.405313 0.135033 0.130463
3 0.514978 0.322229 0.007544 0.133484
2 0.625485 0.235811 0.138398 0.084151
0 0.755415 0.381614 0.163507 0.142004
3 0.781401 0.149615 0.103360 0.077722
6 0.937317 0.179418 0.077666 0.083566
9 0.096773 0.640833 0.116371 0.114807
2 0.351333 0.569146 0.110058 0.125244
13 0.111182 0.888299 0.135308 0.127441
3 0.337747 0.773355 0.136131 0.129364
10 0.478338 0.887750 0.080825 0.110413
6 0.724320 0.615838 0.202551 0.210937
5 0.724045 0.902856 0.155892 0.152161
7 0.895994 0.815927 0.091943 0.079376
1 0.986627 0.913431 0.026746 0.098053
4 0.965494 0.682993 0.069013 0.183197
