9 0.604482 0.669305 0.120213 0.132385
2 0.784801 0.795374 0.245915 0.196655
12 0.929727 0.632501 0.140546 0.154358
6 0.579232 0.886560 0.157539 0.152710
10 0.067786 0.059445 0.135572 0.118890
2 0.252629 0.071942 0.144640 0.143884
0 0.423409 0.180963 0.115681 0.109314
5 0.285701 0.309641 0.213529 0.128815
11 0.060650 0.304147 0.121301 0.182098
1 0.599542 0.088816 0.115822 0.111786
9 0.717559 0.329279 0.127349 0.114258
13 0.814306 0.046399 0.085356 0.092797
6 0.962251 0.095544 0.075499 0.137329
14 0.925187 0.303323 0.123232 0.108490
3 0.045967 0.603662 0.091934 0.144470
4 0.221203 0.720529 0.151501 0.178253
8 0.429036 0.646371 0.104429 0.109040
9 0.407561 0.899332 0.121311 0.167267
10 0.039791 0.837122 0.079582 0.104919
