5 0.561963 0.264673 0.080691 0.103821
6 0.963359 0.356821 0.073282 0.089813
14 0.966653 0.128305 0.066695 0.104645
3 0.754083 0.145334 0.150952 0.121124
8 0.696173 0.405984 0.076299 0.141998
0 0.436869 0.084832 0.098137 0.134846
7 0.035555 0.383069 0.071110 0.108577
13 0.057076 0.104796 0.114152 0.123638
8 0.225956 0.253302 0.117928 0.083009
4 0.434245 0.311443 0.103385 0.122237
1 0.248534 0.800806 0.111705 0.142822
2 0.239614 0.963574 0.112528 0.072851
3 0.439899 0.801492 0.092078 0.145294
6 0.048311 0.794077 0.096621 0.168365
13 0.213266 0.609644 0.152599 0.133484
10 0.747908 0.714975 0.135857 0.144196
9 0.761631 0.932813 0.204472 0.134375
14 0.978317 0.897623 0.043366 0.112885
8 0.951695 0.713190 0.096611 0.122497
