5 0.277376 0.945752 0.149031 0.108496
6 0.060673 0.829843 0.121347 0.133759
8 0.327053 0.647882 0.133661 0.129639
10 0.138088 0.645410 0.166322 0.159302
13 0.481641 0.792902 0.058594 0.151611
9 0.108996 0.079202 0.126251 0.128265
0 0.308253 0.194422 0.091669 0.154358
6 0.469702 0.058465 0.082472 0.098877
13 0.470525 0.320627 0.080825 0.111786
14 0.117092 0.308954 0.085905 0.104370
2 0.772085 0.367731 0.151776 0.112061
0 0.927154 0.053678 0.124879 0.107355
4 0.792807 0.124246 0.078495 0.082123
6 0.991092 0.268304 0.017817 0.135681
3 0.667242 0.224771 0.060107 0.050812
7 0.581611 0.614099 0.113351 0.145569
6 0.993562 0.615060 0.012876 0.099701
1 0.826291 0.801691 0.116371 0.102722
11 0.655166 0.899606 0.138053 0.119476
