7 0.610511 0.604025 0.151776 0.117279
9 0.839409 0.793814 0.184162 0.184296
5 0.569616 0.903815 0.121585 0.188416
7 0.268401 0.037448 0.118841 0.074896
12 0.050834 0.078330 0.101668 0.143646
0 0.148188 0.288306 0.161656 0.174133
9 0.429164 0.187644 0.119798 0.128815
14 0.345249 0.322775 0.162754 0.139252
0 0.959981 0.174872 0.080037 0.096680
4 0.867266 0.077368 0.103746 0.094483
3 0.709865 0.287207 0.079319 0.067017
6 0.817315 0.361365 0.070261 0.083496
12 0.113606 0.695349 0.151227 0.137329
10 0.337427 0.669943 0.083435 0.079376
4 0.470195 0.862616 0.037735 0.137878
13 0.272655 0.855063 0.143816 0.123321
3 0.065713 0.934302 0.107039 0.120300
