2 0.814381 0.583408 0.152050 0.166718
4 0.947947 0.678302 0.104105 0.143372
6 0.627749 0.671436 0.149854 0.163696
12 0.707753 0.883472 0.134759 0.129639
9 0.950967 0.845843 0.098067 0.128540
5 0.074479 0.042245 0.148958 0.084491
11 0.481395 0.064355 0.012210 0.128711
12 0.293461 0.141345 0.133113 0.152161
7 0.043465 0.319186 0.086931 0.132660
9 0.456556 0.322482 0.061887 0.171112
1 0.606066 0.059222 0.100452 0.092834
5 0.609085 0.348849 0.147110 0.117829
8 0.828378 0.222918 0.109784 0.115906
12 0.977589 0.252994 0.044822 0.162872
6 0.824124 0.032083 0.116096 0.064166
9 0.054169 0.675555 0.108339 0.132385
2 0.228551 0.801624 0.245915 0.196655
12 0.395352 0.638751 0.184296 0.154358
6 0.050876 0.892810 0.101751 0.152710
8 0.470005 0.890338 0.034990 0.143372
