11 0.057135 0.255006 0.114271 0.132654
10 0.296173 0.087582 0.098688 0.094669
9 0.434570 0.303802 0.070658 0.094669
12 0.219967 0.367207 0.141317 0.098760
13 0.158651 0.134916 0.040877 0.060775
0 0.731814 0.122656 0.144914 0.155456
3 0.930385 0.232794 0.078770 0.057129
14 0.748968 0.322608 0.150129 0.092834
7 0.980219 0.361884 0.039561 0.155456
13 0.274843 0.605780 0.124879 0.117005
12 0.457289 0.814658 0.119798 0.121674
5 0.092466 0.720862 0.077946 0.096130
9 0.274843 0.822897 0.135308 0.149689
3 0.379275 0.965213 0.157539 0.069574
8 0.696135 0.690650 0.163028 0.143372
14 0.850106 0.793372 0.147110 0.132935
11 0.958262 0.935687 0.083475 0.128626
9 0.715484 0.908728 0.153972 0.137329
