6 0.268593 0.376971 0.159461 0.132935
0 0.452822 0.209842 0.116230 0.089264
10 0.290550 0.132663 0.134759 0.094757
12 0.103232 0.270541 0.107039 0.129364
5 0.090882 0.124011 0.082338 0.108764
12 0.669006 0.081363 0.151308 0.162371
2 0.873110 0.179301 0.205392 0.242268
6 0.694760 0.359713 0.152595 0.141753
7 0.042696 0.574863 0.085393 0.120026
11 0.480954 0.630618 0.059966 0.212860
1 0.319917 0.741031 0.148482 0.186493
0 0.111174 0.909723 0.222348 0.180554
2 0.454195 0.899698 0.113486 0.200604
9 0.599176 0.663577 0.130368 0.133759
5 0.851266 0.722491 0.219567 0.148315
12 0.994934 0.630893 0.010132 0.190338
4 0.993562 0.895938 0.012876 0.138702
7 0.609743 0.882617 0.172360 0.161499
