11 0.821338 0.253858 0.143542 0.148864
12 0.601497 0.251111 0.130368 0.143372
0 0.857704 0.407391 0.120762 0.097229
13 0.797872 0.072857 0.158637 0.138428
5 0.964532 0.237652 0.070937 0.137329
0 0.150564 0.124219 0.144914 0.155456
3 0.349135 0.234357 0.078770 0.057129
14 0.167718 0.324170 0.150129 0.092834
7 0.438813 0.363446 0.119249 0.155456
6 0.461730 0.108426 0.073414 0.095856
7 0.441420 0.902463 0.114034 0.123871
3 0.317161 0.647168 0.076848 0.101075
8 0.134097 0.870465 0.136131 0.119751
14 0.056070 0.698254 0.112140 0.088989
4 0.309751 0.798779 0.120762 0.131836
1 0.846725 0.608167 0.093316 0.115906
2 0.627159 0.662961 0.133936 0.188690
8 0.885287 0.833661 0.141346 0.124145
5 0.613436 0.939078 0.143267 0.121844
9 0.986488 0.637967 0.027023 0.118927
