5 0.787683 0.279059 0.147384 0.210938
10 0.984344 0.341132 0.031312 0.146667
3 0.684761 0.113302 0.139700 0.131561
4 0.573742 0.325476 0.094963 0.137878
14 0.992716 0.091742 0.014569 0.091186
8 0.419949 0.127322 0.122602 0.126598
6 0.169434 0.287127 0.218606 0.160507
3 0.452467 0.335279 0.057567 0.166452
10 0.294621 0.588187 0.129819 0.107391
4 0.087680 0.698462 0.122134 0.114258
2 0.279389 0.792807 0.158088 0.157379
5 0.048437 0.945499 0.096874 0.109003
9 0.432329 0.900061 0.097841 0.114807
2 0.651003 0.869024 0.160559 0.142822
4 0.635496 0.643530 0.148208 0.148864
12 0.943861 0.693930 0.112277 0.200226
13 0.968837 0.911167 0.062325 0.177667
9 0.863434 0.846778 0.107862 0.107117
