9 0.120280 0.626993 0.103471 0.125519
7 0.292228 0.720102 0.159735 0.166718
1 0.463832 0.659677 0.087960 0.085968
11 0.456147 0.888193 0.103331 0.100250
3 0.131670 0.892175 0.131191 0.116455
12 0.119731 0.087701 0.119389 0.125794
10 0.322830 0.211984 0.135308 0.095856
9 0.488533 0.358102 0.038558 0.167267
6 0.481123 0.084268 0.053379 0.133759
13 0.153764 0.368814 0.156167 0.140900
7 0.692798 0.155817 0.147110 0.132385
13 0.600168 0.368128 0.128721 0.148315
11 0.874627 0.070767 0.162754 0.141535
0 0.839908 0.298639 0.198159 0.126343
8 0.987745 0.298364 0.024510 0.126892
5 0.686760 0.648279 0.170713 0.164246
0 0.896172 0.769678 0.173458 0.153259
4 0.722851 0.885583 0.152325 0.164795
9 0.985687 0.939633 0.028627 0.120734
