2 0.099705 0.117764 0.187181 0.189240
11 0.214704 0.290799 0.114175 0.134308
1 0.457529 0.346418 0.084942 0.156555
5 0.828939 0.417829 0.149031 0.121399
6 0.600315 0.295468 0.145189 0.133759
8 0.878616 0.113507 0.133661 0.129639
10 0.689651 0.111035 0.166322 0.159302
12 0.122485 0.874860 0.147110 0.156006
2 0.317899 0.792050 0.148208 0.118927
11 0.447923 0.693311 0.104154 0.154907
1 0.120015 0.596906 0.122958 0.108764
9 0.488818 0.913312 0.022365 0.123047
4 0.649305 0.659116 0.141621 0.090912
6 0.838133 0.569165 0.093316 0.108764
7 0.855424 0.794110 0.131740 0.169189
11 0.637778 0.921002 0.141620 0.103272
14 0.983290 0.889004 0.033420 0.122223
