14 0.181812 0.084906 0.122958 0.139526
0 0.208709 0.341848 0.137229 0.181000
3 0.463473 0.296256 0.091803 0.104645
2 0.379834 0.132147 0.173732 0.138977
13 0.800164 0.053577 0.162205 0.107154
10 0.988252 0.230475 0.023496 0.162597
1 0.833099 0.226218 0.128172 0.146393
6 0.616276 0.220175 0.140797 0.184296
2 0.832413 0.396781 0.137778 0.120026
2 0.109719 0.867594 0.218140 0.195961
7 0.374531 0.772151 0.112621 0.120826
11 0.481776 0.911205 0.055197 0.177589
3 0.119865 0.627973 0.175527 0.159409
1 0.468079 0.655387 0.082592 0.137071
1 0.630274 0.604697 0.130917 0.111786
0 0.921284 0.788580 0.157432 0.201050
2 0.598849 0.902118 0.164675 0.195764
