2 0.091149 0.099335 0.182299 0.198669
13 0.080033 0.371292 0.160067 0.162323
1 0.276025 0.276398 0.117743 0.104370
12 0.431162 0.110047 0.168926 0.220093
6 0.487426 0.366074 0.056398 0.128265
7 0.993572 0.352478 0.012855 0.219727
10 0.977791 0.063904 0.044417 0.127807
6 0.784320 0.235886 0.197062 0.156281
9 0.614567 0.072144 0.141346 0.144287
12 0.606334 0.385162 0.112802 0.176331
8 0.081714 0.681353 0.097416 0.105286
1 0.457741 0.693051 0.095468 0.089688
0 0.281418 0.843181 0.167556 0.120884
5 0.447229 0.946450 0.136791 0.107100
14 0.045728 0.947912 0.091456 0.104176
7 0.650836 0.685728 0.141650 0.162371
0 0.886489 0.804607 0.115895 0.226160
14 0.987671 0.649968 0.024658 0.153995
10 0.690755 0.942091 0.157102 0.115818
