5 0.117800 0.672601 0.153697 0.120300
0 0.286593 0.588419 0.082887 0.085968
12 0.332701 0.765573 0.149305 0.118378
2 0.228133 0.919244 0.140523 0.147217
11 0.474389 0.854563 0.082472 0.107941
7 0.277672 0.032529 0.116096 0.065057
14 0.102293 0.155008 0.108960 0.098602
8 0.294826 0.184259 0.096061 0.089539
3 0.472605 0.205408 0.086040 0.080200
13 0.337779 0.371439 0.172634 0.129364
2 0.667812 0.049969 0.175379 0.099939
5 0.696631 0.291239 0.186906 0.138153
6 0.956795 0.095682 0.086410 0.184296
5 0.696356 0.632364 0.142993 0.142548
6 0.846210 0.919931 0.160010 0.134857
10 0.859659 0.686197 0.116096 0.128815
12 0.676458 0.812952 0.108686 0.134033
