9 0.048586 0.107327 0.097173 0.133759
5 0.284079 0.166241 0.219567 0.148315
12 0.464465 0.084906 0.083570 0.169812
4 0.463093 0.339688 0.086314 0.138702
7 0.064368 0.326367 0.128735 0.161499
5 0.660237 0.073662 0.219982 0.147324
14 0.945040 0.376955 0.109920 0.149545
7 0.859738 0.216783 0.139575 0.131326
9 0.660617 0.326474 0.191915 0.206478
11 0.217496 0.941788 0.095185 0.071879
10 0.061872 0.876923 0.067738 0.113954
9 0.392390 0.776409 0.056060 0.069541
12 0.476182 0.847996 0.060135 0.121551
13 0.279687 0.689629 0.131974 0.086488
8 0.653772 0.668454 0.122134 0.122772
11 0.853440 0.779416 0.104294 0.135956
0 0.979416 0.643735 0.041167 0.146393
2 0.658437 0.923199 0.161656 0.121948
