2 0.090368 0.637414 0.180736 0.213135
13 0.079252 0.916605 0.158504 0.162323
1 0.274463 0.821710 0.117743 0.104370
12 0.429599 0.655268 0.168926 0.220276
6 0.485863 0.911386 0.056398 0.128265
11 0.081448 0.068219 0.162896 0.136438
7 0.473513 0.073300 0.081099 0.146601
1 0.279541 0.198236 0.116920 0.120850
2 0.054139 0.343942 0.108279 0.155731
0 0.453203 0.398737 0.121719 0.181824
0 0.628924 0.140695 0.133661 0.205170
1 0.829690 0.236826 0.164126 0.105743
10 0.940919 0.108011 0.118163 0.129913
13 0.942977 0.353418 0.114046 0.154358
6 0.629061 0.372507 0.154246 0.140350
1 0.624806 0.671472 0.123781 0.102722
8 0.646626 0.930750 0.176203 0.131836
9 0.821456 0.814569 0.120762 0.144470
5 0.984146 0.847528 0.031708 0.128540
13 0.841217 0.588388 0.094414 0.124420
