11 0.585119 0.596285 0.151969 0.140381
7 0.771184 0.780048 0.114951 0.110160
8 0.944529 0.627968 0.110943 0.125758
1 0.991775 0.849751 0.016449 0.144281
6 0.600218 0.894595 0.135409 0.144281
8 0.062319 0.084482 0.124638 0.168964
3 0.239224 0.089288 0.132015 0.178577
2 0.059986 0.322772 0.119972 0.140625
1 0.444861 0.346118 0.091529 0.129089
10 0.623463 0.057428 0.167969 0.114856
2 0.822034 0.070886 0.144640 0.141772
0 0.964331 0.180499 0.071339 0.108215
7 0.830130 0.299426 0.194866 0.205444
11 0.633069 0.296954 0.135033 0.179627
12 0.113110 0.845172 0.147110 0.156006
2 0.308524 0.762363 0.148208 0.118927
11 0.438548 0.663623 0.104154 0.154907
1 0.110640 0.567218 0.122958 0.108764
9 0.479443 0.883624 0.022365 0.123047
