0 0.966658 0.116059 0.066683 0.131343
9 0.844084 0.207824 0.099382 0.080908
6 0.690987 0.353878 0.127026 0.120135
11 0.648470 0.118511 0.146273 0.148155
9 0.042642 0.103790 0.085284 0.166992
4 0.434874 0.090759 0.105251 0.181519
7 0.246803 0.198135 0.150129 0.150238
5 0.072284 0.340820 0.144567 0.175781
12 0.438305 0.343017 0.098390 0.214233
0 0.423484 0.794006 0.128032 0.161499
1 0.056329 0.908814 0.094139 0.127441
5 0.292775 0.617126 0.119115 0.119751
14 0.072385 0.662720 0.133387 0.123047
8 0.262447 0.900299 0.128172 0.104370
14 0.846629 0.615891 0.173183 0.133759
0 0.618005 0.819962 0.116096 0.195282
13 0.860078 0.807739 0.141346 0.131836
8 0.819870 0.946304 0.136680 0.107391
