13 0.151696 0.058847 0.128721 0.117694
4 0.335446 0.186359 0.092767 0.115356
8 0.478369 0.312839 0.074513 0.123321
0 0.461215 0.077731 0.108819 0.133759
7 0.204117 0.326709 0.073830 0.049439
12 0.879695 0.047174 0.112254 0.094348
3 0.874205 0.239093 0.180319 0.147766
11 0.662872 0.263126 0.171536 0.140900
6 0.853895 0.412952 0.123781 0.125794
5 0.994396 0.242938 0.011208 0.137329
11 0.317744 0.818622 0.196787 0.091736
10 0.304432 0.716861 0.092767 0.069488
9 0.220997 0.945978 0.128995 0.108044
12 0.486054 0.848422 0.059143 0.093659
13 0.057145 0.820956 0.107588 0.077728
0 0.861443 0.788684 0.107039 0.141724
10 0.984378 0.948862 0.031243 0.102277
3 0.607019 0.946750 0.104294 0.064545
11 0.605373 0.684314 0.164675 0.129639
