3 0.142562 0.598083 0.218269 0.191366
11 0.456327 0.630300 0.109221 0.129510
14 0.345378 0.817477 0.150020 0.167526
10 0.132904 0.936767 0.153883 0.126466
6 0.482725 0.950620 0.056424 0.098760
3 0.071532 0.070502 0.141895 0.141004
13 0.478484 0.066382 0.064906 0.132764
5 0.286983 0.220792 0.220390 0.200226
9 0.050244 0.412091 0.100488 0.154907
7 0.486306 0.337796 0.049262 0.227143
4 0.656675 0.066382 0.173458 0.132764
7 0.632797 0.360593 0.147659 0.154632
0 0.829035 0.221616 0.159735 0.153534
3 0.926182 0.389706 0.147636 0.141449
13 0.984093 0.136884 0.031814 0.177429
11 0.631562 0.824903 0.162205 0.131286
12 0.855795 0.812955 0.134759 0.136505
6 0.988759 0.807736 0.022483 0.140900
3 0.870753 0.649670 0.182790 0.120300
5 0.861559 0.944586 0.117194 0.110828
