1 0.834225 0.592542 0.093316 0.115906
2 0.614659 0.647336 0.133936 0.188690
8 0.872787 0.818036 0.141346 0.124145
5 0.600936 0.931265 0.143267 0.137469
9 0.980238 0.622342 0.039523 0.118927
10 0.103479 0.149967 0.101131 0.111379
4 0.305566 0.239631 0.100081 0.120486
9 0.454191 0.324566 0.063493 0.072502
11 0.096830 0.312483 0.118628 0.094568
7 0.446940 0.130178 0.065788 0.090714
12 0.696802 0.111936 0.164185 0.141753
11 0.979588 0.085285 0.040824 0.170570
7 0.670404 0.375467 0.139718 0.132732
8 0.994075 0.360325 0.011850 0.156572
8 0.102385 0.676587 0.163028 0.143372
14 0.256356 0.779309 0.147110 0.132935
13 0.460483 0.709683 0.050909 0.142548
11 0.381509 0.928656 0.117469 0.142688
9 0.121734 0.894666 0.153972 0.137329
