4 0.700618 0.101418 0.167404 0.141753
3 0.852892 0.217075 0.130704 0.121778
0 0.953971 0.339175 0.092058 0.188144
14 0.723797 0.371392 0.150663 0.143041
10 0.067206 0.109714 0.134412 0.157929
2 0.392815 0.158465 0.169341 0.196106
0 0.212221 0.261737 0.156716 0.099426
5 0.065834 0.302112 0.131667 0.179077
11 0.337374 0.376544 0.146287 0.119751
4 0.449841 0.836702 0.075318 0.089994
0 0.161665 0.935298 0.110951 0.129404
2 0.305610 0.616683 0.183946 0.110447
6 0.288384 0.748753 0.131974 0.096423
3 0.097722 0.761317 0.070658 0.095838
9 0.631591 0.626483 0.187181 0.136780
2 0.818497 0.813800 0.220665 0.216980
5 0.996252 0.659717 0.007496 0.139526
0 0.998448 0.928607 0.003105 0.093933
10 0.598656 0.920368 0.190475 0.121399
