0 0.158832 0.080444 0.151776 0.120850
1 0.318018 0.226013 0.133661 0.110413
12 0.471645 0.354279 0.087961 0.126343
10 0.150324 0.354279 0.112802 0.158203
11 0.486877 0.082916 0.057496 0.140625
7 0.595218 0.099396 0.158637 0.149414
12 0.842780 0.199646 0.167420 0.167542
9 0.988770 0.378174 0.022461 0.162048
5 0.613332 0.375152 0.194866 0.181824
9 0.064967 0.637451 0.128721 0.169189
4 0.496620 0.594330 0.038009 0.123047
5 0.325977 0.729736 0.207765 0.170288
4 0.485368 0.906204 0.060515 0.187591
7 0.072760 0.922135 0.145521 0.155731
10 0.647228 0.631683 0.170439 0.149414
2 0.849504 0.656128 0.144640 0.150513
0 0.981222 0.768463 0.037556 0.109314
5 0.882576 0.897141 0.213529 0.128815
11 0.655325 0.891647 0.125702 0.182098
