5 0.280289 0.771015 0.203923 0.175232
2 0.486749 0.878818 0.042126 0.211212
8 0.445855 0.644947 0.123915 0.175781
4 0.068442 0.876483 0.136885 0.148315
13 0.058425 0.640414 0.116849 0.195832
12 0.119731 0.078326 0.119389 0.125794
10 0.322830 0.202609 0.135308 0.095856
9 0.488533 0.348727 0.038558 0.167267
6 0.481123 0.074893 0.053379 0.133759
13 0.153764 0.359439 0.156167 0.140900
14 0.670567 0.344333 0.117469 0.112335
12 0.644905 0.048526 0.105666 0.090363
10 0.863785 0.171573 0.172360 0.176056
7 0.876685 0.607181 0.122958 0.133759
5 0.694719 0.858768 0.116920 0.124969
11 0.920735 0.845310 0.134759 0.111237
14 0.681682 0.610202 0.112802 0.123871
