7 0.894269 0.214973 0.171434 0.165486
8 0.983545 0.355409 0.032910 0.110830
12 0.991131 0.091925 0.017739 0.183850
4 0.652289 0.087823 0.159297 0.167763
6 0.714199 0.319069 0.150448 0.164150
0 0.066067 0.081129 0.132135 0.162258
1 0.314992 0.210261 0.146801 0.165593
9 0.090534 0.390351 0.181068 0.180412
11 0.452017 0.403238 0.083467 0.180412
1 0.321119 0.928006 0.122134 0.143988
2 0.104022 0.682428 0.198983 0.224121
6 0.455670 0.685724 0.076159 0.195557
0 0.896792 0.599756 0.111156 0.086792
13 0.686969 0.657983 0.119664 0.099426
12 0.864818 0.779520 0.141072 0.139801
7 0.653760 0.936658 0.133387 0.126685
6 0.983733 0.869882 0.032534 0.133759
