7 0.077876 0.072272 0.147110 0.144544
10 0.302658 0.204831 0.126800 0.134857
8 0.470145 0.065991 0.075336 0.125794
6 0.471038 0.300000 0.057362 0.064270
3 0.087071 0.341748 0.144640 0.146667
13 0.670183 0.081532 0.140674 0.126790
11 0.880318 0.233890 0.106730 0.092466
3 0.665458 0.371889 0.098332 0.092466
3 0.077637 0.627942 0.155273 0.205444
13 0.227456 0.831326 0.147110 0.128815
9 0.054445 0.961462 0.108890 0.077075
5 0.444071 0.695096 0.127483 0.148590
7 0.463009 0.930426 0.089608 0.139148
6 0.835242 0.617093 0.196513 0.133759
11 0.859943 0.804822 0.193219 0.126892
10 0.600443 0.825558 0.130368 0.134308
1 0.882861 0.948141 0.150129 0.103717
3 0.997488 0.853574 0.005023 0.111237
