10 0.327434 0.558499 0.129819 0.107391
4 0.120492 0.668775 0.122134 0.114258
2 0.312201 0.763119 0.158088 0.157379
5 0.064843 0.921185 0.129686 0.119751
9 0.465142 0.870374 0.097841 0.114807
3 0.074657 0.113278 0.124879 0.111237
10 0.239882 0.269559 0.134210 0.103546
12 0.441401 0.324490 0.145322 0.141998
13 0.266367 0.057385 0.095512 0.111511
6 0.453136 0.135526 0.104020 0.124969
6 0.653512 0.103802 0.152921 0.113131
3 0.843701 0.217283 0.084684 0.101923
11 0.987813 0.066325 0.024373 0.080207
12 0.653487 0.634442 0.220116 0.208191
13 0.888699 0.806516 0.159735 0.271637
3 0.684913 0.929013 0.139151 0.124420
4 0.993752 0.624005 0.012496 0.143372
