5 0.087420 0.063727 0.111430 0.113708
6 0.060934 0.381781 0.071085 0.096680
12 0.263622 0.248160 0.122409 0.126618
14 0.432207 0.085150 0.163712 0.095581
9 0.491490 0.373541 0.045145 0.141724
7 0.824201 0.211081 0.080691 0.086518
1 0.938650 0.186911 0.101001 0.104645
14 0.797029 0.419135 0.128995 0.154358
8 0.657468 0.264365 0.135857 0.177154
0 0.297381 0.801184 0.107039 0.141724
10 0.459378 0.955112 0.109368 0.089777
3 0.047552 0.959250 0.095104 0.064545
11 0.061824 0.696814 0.123648 0.129639
4 0.477904 0.662756 0.072316 0.137329
5 0.642509 0.677863 0.119664 0.132385
12 0.793187 0.800086 0.150952 0.168091
11 0.970560 0.781134 0.058880 0.147766
14 0.949152 0.950049 0.101696 0.093384
7 0.594753 0.911597 0.110882 0.102173
