8 0.740074 0.143315 0.141650 0.155928
7 0.978528 0.139127 0.042944 0.153995
9 0.766473 0.354333 0.150664 0.117912
8 0.059395 0.125006 0.118789 0.155456
4 0.250392 0.220724 0.153423 0.125519
11 0.415958 0.080512 0.152459 0.145020
12 0.038810 0.338965 0.077621 0.124695
7 0.429681 0.358878 0.125013 0.135956
0 0.066119 0.769904 0.132238 0.235108
2 0.298834 0.604697 0.220665 0.170563
5 0.242296 0.960757 0.154795 0.078485
7 0.470027 0.802725 0.044322 0.198029
12 0.275643 0.808768 0.172634 0.140350
3 0.978972 0.807669 0.042056 0.140900
4 0.656451 0.781302 0.125977 0.110687
5 0.809050 0.933703 0.169341 0.132593
7 0.638474 0.599753 0.086180 0.084320
11 0.904973 0.649466 0.138876 0.166718
