13 0.438043 0.365988 0.123915 0.187591
4 0.436945 0.098196 0.126111 0.161774
5 0.249697 0.249259 0.144640 0.078278
3 0.065397 0.380957 0.083435 0.137329
0 0.100803 0.049304 0.149854 0.098608
0 0.991387 0.255438 0.017227 0.129639
9 0.743033 0.402380 0.164950 0.130737
10 0.758403 0.048068 0.140797 0.096137
12 0.590023 0.218085 0.149854 0.215881
14 0.777615 0.212866 0.149580 0.136780
8 0.084473 0.678549 0.122134 0.123321
11 0.285102 0.790335 0.103471 0.134308
0 0.444081 0.652457 0.111839 0.145294
7 0.462744 0.947284 0.074512 0.105432
14 0.096961 0.929019 0.147110 0.141961
2 0.652187 0.617712 0.175379 0.158203
5 0.681006 0.888114 0.186906 0.138153
6 0.948983 0.692557 0.102035 0.184296
3 0.996464 0.915286 0.007072 0.169428
