0 0.615101 0.069275 0.184436 0.138550
11 0.938879 0.090897 0.122241 0.169464
3 0.993222 0.263382 0.013555 0.167816
9 0.868839 0.294693 0.175928 0.145843
5 0.666151 0.326828 0.166871 0.159576
9 0.092034 0.072571 0.184067 0.145141
5 0.121079 0.316941 0.138053 0.233734
0 0.316082 0.241135 0.194317 0.233734
7 0.426207 0.417877 0.113211 0.061523
6 0.451732 0.104019 0.062162 0.208039
8 0.134390 0.628128 0.141072 0.142548
12 0.136037 0.881638 0.135033 0.141998
13 0.374405 0.834122 0.156716 0.129913
6 0.387716 0.669739 0.152050 0.129089
9 0.650781 0.656143 0.106490 0.122772
6 0.824925 0.745407 0.140249 0.177704
2 0.652840 0.868729 0.128172 0.156830
13 0.986223 0.877380 0.027553 0.092834
5 0.994457 0.649551 0.011085 0.101898
