8 0.636880 0.648654 0.119389 0.227692
4 0.808828 0.554996 0.140523 0.142548
13 0.954915 0.692325 0.090171 0.143646
10 0.601612 0.894061 0.115822 0.191711
9 0.908806 0.936731 0.182389 0.126538
11 0.084947 0.062122 0.160284 0.109863
7 0.277342 0.185443 0.180594 0.117004
1 0.477902 0.038751 0.031697 0.077502
0 0.424931 0.338702 0.137638 0.141175
4 0.047688 0.299426 0.095376 0.134033
12 0.627411 0.057153 0.180594 0.114307
8 0.863858 0.229251 0.110058 0.165070
14 0.620687 0.361087 0.186357 0.204071
10 0.993751 0.374683 0.012498 0.164795
0 0.073762 0.589053 0.147524 0.167816
14 0.117882 0.831851 0.118566 0.110687
6 0.335116 0.805621 0.122683 0.098328
13 0.432479 0.670077 0.122542 0.137604
11 0.456631 0.885410 0.074238 0.162323
