7 0.045736 0.599081 0.091472 0.167816
13 0.469331 0.605948 0.061338 0.124969
9 0.294297 0.765112 0.231094 0.219727
5 0.072259 0.945041 0.135033 0.109918
3 0.496228 0.872229 0.007544 0.133484
2 0.056717 0.223311 0.113434 0.084151
0 0.174165 0.369114 0.163507 0.142004
4 0.460881 0.205780 0.078238 0.102851
3 0.200151 0.137115 0.103360 0.077722
6 0.356067 0.166918 0.077666 0.083566
6 0.705570 0.073154 0.202551 0.146307
5 0.705295 0.327856 0.155892 0.152161
7 0.877244 0.240927 0.091943 0.079376
1 0.977252 0.338431 0.045496 0.098053
4 0.956119 0.107993 0.087763 0.183197
9 0.640523 0.628333 0.116371 0.114807
2 0.895083 0.556646 0.110058 0.125244
13 0.654932 0.875799 0.135308 0.127441
3 0.881497 0.760855 0.136131 0.129364
10 0.990838 0.875250 0.018325 0.110413
