7 0.773327 0.583560 0.099079 0.105194
8 0.631844 0.682300 0.104294 0.113159
2 0.968658 0.788455 0.062684 0.163421
0 0.640764 0.887607 0.129819 0.156830
10 0.794872 0.805347 0.143267 0.134583
2 0.069206 0.082834 0.128172 0.165668
7 0.306064 0.220874 0.134759 0.084045
12 0.446242 0.335544 0.073140 0.173859
1 0.475609 0.104831 0.014406 0.104096
13 0.067195 0.328815 0.134390 0.144470
5 0.811751 0.388141 0.149031 0.121399
6 0.583127 0.265780 0.145189 0.133759
8 0.861428 0.083820 0.133661 0.129639
10 0.672463 0.081347 0.166322 0.159302
13 0.993359 0.228839 0.013281 0.151611
7 0.087717 0.902964 0.172555 0.177191
5 0.427880 0.915851 0.109865 0.111469
1 0.296006 0.767655 0.117827 0.143686
8 0.473916 0.657474 0.017793 0.134665
14 0.083778 0.591753 0.167556 0.168170
