12 0.434008 0.667163 0.150678 0.144470
5 0.354003 0.897738 0.120213 0.139801
9 0.245317 0.754779 0.203100 0.136780
14 0.062141 0.928363 0.124281 0.122497
2 0.084485 0.658649 0.149305 0.158203
2 0.112844 0.300406 0.218140 0.195961
7 0.377656 0.204964 0.112621 0.120826
11 0.484901 0.351681 0.055197 0.192915
3 0.122990 0.070245 0.175527 0.140490
1 0.471204 0.088199 0.082592 0.137071
14 0.747437 0.080218 0.122958 0.139526
0 0.774334 0.337161 0.137229 0.181000
3 0.991598 0.291568 0.016803 0.104645
2 0.929296 0.127460 0.141407 0.138977
7 0.694055 0.911334 0.105118 0.086242
13 0.922298 0.926852 0.155405 0.134857
8 0.666883 0.670596 0.125977 0.209015
4 0.832931 0.596713 0.167146 0.128265
