3 0.618407 0.618326 0.141895 0.176605
13 0.996453 0.629449 0.007094 0.137878
5 0.833858 0.786417 0.220390 0.200226
9 0.582590 0.950131 0.129544 0.099738
9 0.054507 0.075085 0.109015 0.150171
4 0.476308 0.041989 0.038009 0.083979
5 0.305665 0.157861 0.207765 0.170288
4 0.465055 0.336389 0.060515 0.191711
7 0.062604 0.361246 0.125208 0.177704
0 0.632816 0.114328 0.146561 0.135956
12 0.975457 0.275277 0.049086 0.177704
11 0.833720 0.041440 0.166871 0.082879
10 0.701843 0.310296 0.139151 0.117005
3 0.840170 0.227487 0.118292 0.113983
11 0.277396 0.620249 0.096335 0.139252
12 0.273004 0.832285 0.130368 0.143646
7 0.444745 0.856455 0.101135 0.168365
9 0.096527 0.922647 0.105666 0.134857
1 0.099546 0.703470 0.097982 0.105743
