9 0.051711 0.651077 0.103423 0.133759
5 0.290329 0.709991 0.219567 0.148315
12 0.470715 0.618393 0.083570 0.190338
4 0.469343 0.883438 0.086314 0.138702
7 0.067493 0.870117 0.134985 0.161499
11 0.223746 0.360538 0.095185 0.071879
10 0.068122 0.295673 0.067738 0.113954
9 0.398640 0.195159 0.056060 0.069541
12 0.482432 0.266746 0.060135 0.121551
13 0.285938 0.108379 0.131974 0.086488
5 0.666487 0.064287 0.219982 0.128574
14 0.948165 0.358205 0.103670 0.149545
7 0.865988 0.198033 0.139575 0.131326
9 0.666867 0.307724 0.191915 0.206478
8 0.660022 0.649704 0.122134 0.122772
11 0.859690 0.760666 0.104294 0.135956
0 0.982541 0.624985 0.034917 0.146393
2 0.664687 0.904449 0.161656 0.121948
