5 0.781377 0.916915 0.152996 0.092332
1 0.834808 0.629108 0.065987 0.077722
14 0.621666 0.800039 0.056644 0.081813
8 0.968063 0.661541 0.063875 0.085319
8 0.077609 0.072548 0.137524 0.115232
1 0.294743 0.184978 0.086784 0.077405
13 0.069559 0.349595 0.108130 0.090014
7 0.385901 0.066944 0.122127 0.096319
3 0.476086 0.203366 0.013452 0.153409
5 0.663947 0.088307 0.195510 0.152494
7 0.843644 0.122834 0.109256 0.100703
1 0.980044 0.094781 0.039913 0.148178
2 0.725763 0.313451 0.149508 0.179827
2 0.084733 0.962265 0.169466 0.075471
4 0.410999 0.908151 0.143628 0.183698
6 0.457015 0.685134 0.051595 0.123638
14 0.079008 0.720859 0.144523 0.116633
13 0.239103 0.804394 0.107780 0.071451
