7 0.068199 0.608713 0.136399 0.117279
11 0.487498 0.623544 0.028129 0.147491
9 0.289409 0.798501 0.184162 0.184296
12 0.486675 0.889276 0.029776 0.138977
5 0.040204 0.907147 0.080409 0.185705
7 0.280901 0.039792 0.118841 0.079583
12 0.057084 0.083017 0.114168 0.143646
0 0.160688 0.292993 0.161656 0.174133
9 0.441664 0.192331 0.119798 0.128815
14 0.357749 0.327463 0.162754 0.139252
0 0.966231 0.179559 0.067537 0.096680
4 0.879766 0.082056 0.103746 0.094483
3 0.722365 0.291894 0.079319 0.067017
6 0.829815 0.366052 0.070261 0.083496
12 0.688606 0.700036 0.151227 0.137329
10 0.912427 0.674631 0.083435 0.079376
13 0.847655 0.859750 0.143816 0.123321
3 0.640713 0.938989 0.107039 0.120300
