3 0.076074 0.613880 0.152148 0.205444
13 0.224331 0.817264 0.147110 0.128815
9 0.052883 0.954431 0.105765 0.091138
5 0.440946 0.681034 0.127483 0.148590
7 0.459884 0.923395 0.089608 0.153210
0 0.147894 0.069507 0.151776 0.120850
1 0.307080 0.215075 0.133661 0.110413
12 0.460707 0.343341 0.087961 0.126343
10 0.139386 0.343341 0.112802 0.158203
11 0.475939 0.071979 0.057496 0.140625
0 0.901967 0.045190 0.135308 0.090381
2 0.619686 0.185687 0.162480 0.230713
6 0.848584 0.392230 0.154246 0.145569
9 0.836645 0.186374 0.161108 0.149689
10 0.869580 0.587787 0.106764 0.099426
1 0.660168 0.652744 0.116096 0.084320
3 0.825941 0.822482 0.118292 0.162323
8 0.966422 0.865466 0.067156 0.115356
4 0.659619 0.905841 0.146287 0.142273
