1 0.760262 0.722552 0.122978 0.128222
10 0.992324 0.709987 0.015352 0.153351
9 0.778290 0.917461 0.160322 0.123711
12 0.126855 0.135730 0.184985 0.160400
0 0.356165 0.118152 0.194042 0.162048
11 0.459291 0.203983 0.072042 0.129913
7 0.468486 0.346530 0.053654 0.103546
9 0.163084 0.305606 0.157539 0.142548
12 0.637386 0.127323 0.104280 0.128541
9 0.826001 0.185990 0.121777 0.111379
3 0.974939 0.112087 0.050122 0.089664
13 0.925032 0.305250 0.118278 0.123638
1 0.615865 0.370221 0.104630 0.086161
7 0.190255 0.600452 0.108686 0.107117
13 0.418604 0.596881 0.080142 0.101075
14 0.445569 0.911365 0.099488 0.118653
8 0.272455 0.789417 0.152874 0.140075
12 0.095704 0.807269 0.137504 0.190613
