9 0.122656 0.110831 0.106490 0.122772
6 0.296800 0.200094 0.140249 0.177704
2 0.124715 0.323416 0.128172 0.156830
13 0.480755 0.332068 0.072866 0.092834
5 0.488989 0.104239 0.056398 0.101898
2 0.665258 0.175650 0.183613 0.161224
13 0.997098 0.369559 0.005803 0.115082
4 0.850243 0.088309 0.115547 0.122772
3 0.655652 0.380133 0.123781 0.126343
10 0.867946 0.307898 0.139974 0.117005
2 0.123617 0.707251 0.146287 0.165894
8 0.322325 0.796103 0.118292 0.107941
11 0.461817 0.669760 0.110741 0.131012
4 0.453995 0.905005 0.126385 0.109863
3 0.174254 0.923682 0.087827 0.093384
11 0.628817 0.941339 0.112679 0.112080
10 0.813582 0.855703 0.093782 0.091415
0 0.976078 0.916822 0.047844 0.137298
1 0.630741 0.699142 0.096232 0.092116
4 0.975203 0.744674 0.049593 0.119435
