0 0.293579 0.785315 0.147110 0.172486
2 0.451048 0.867163 0.104154 0.153809
9 0.102556 0.894080 0.105392 0.115356
8 0.089381 0.669958 0.127349 0.130737
4 0.321024 0.565039 0.125154 0.105469
13 0.088268 0.061921 0.176537 0.123842
8 0.311181 0.244541 0.152470 0.162449
10 0.472958 0.338670 0.060335 0.165486
12 0.129506 0.277562 0.138058 0.173836
14 0.448684 0.115113 0.108882 0.158654
14 0.605224 0.080646 0.165773 0.161292
4 0.799815 0.207434 0.170713 0.117554
3 0.952741 0.098395 0.094519 0.168640
5 0.645569 0.346686 0.137778 0.119202
8 0.978540 0.320593 0.042920 0.145019
8 0.971130 0.933218 0.057741 0.132110
5 0.588070 0.871832 0.127074 0.147217
13 0.856902 0.653754 0.172909 0.159851
14 0.786367 0.835989 0.112528 0.099152
