7 0.257572 0.576867 0.254423 0.136780
4 0.051183 0.758005 0.102365 0.195832
14 0.264022 0.782861 0.179496 0.164245
12 0.451132 0.801263 0.100860 0.201050
8 0.232596 0.941006 0.128721 0.117987
11 0.064631 0.127252 0.129263 0.179626
2 0.292428 0.043576 0.195140 0.087152
10 0.490517 0.118600 0.022090 0.191437
8 0.428764 0.345880 0.145597 0.143372
0 0.192525 0.369501 0.242347 0.236755
3 0.834481 0.068845 0.153697 0.137689
1 0.627676 0.238214 0.118292 0.131286
6 0.865632 0.233270 0.184162 0.144470
10 0.870023 0.407266 0.145189 0.135956
11 0.608233 0.592499 0.149047 0.153055
13 0.958765 0.650504 0.082470 0.132582
1 0.832291 0.783573 0.145150 0.117959
10 0.593621 0.891297 0.149047 0.130633
8 0.967532 0.897146 0.064935 0.130633
