2 0.127681 0.645792 0.204747 0.171112
3 0.187376 0.915506 0.141895 0.159576
11 0.355756 0.800699 0.128995 0.149140
7 0.495248 0.809763 0.040754 0.077179
11 0.226871 0.366788 0.095185 0.071879
10 0.071247 0.301923 0.067738 0.113954
9 0.401765 0.201409 0.056060 0.069541
12 0.485557 0.272996 0.060135 0.121551
13 0.289062 0.114629 0.131974 0.086488
9 0.664107 0.073541 0.119115 0.125794
2 0.682084 0.304666 0.128172 0.156830
6 0.859247 0.186838 0.137229 0.172760
11 0.980399 0.299997 0.039203 0.140350
0 0.986848 0.069559 0.026303 0.134857
11 0.863639 0.909601 0.081789 0.102722
9 0.792142 0.691934 0.097433 0.096405
12 0.706237 0.793558 0.103471 0.094207
13 0.916884 0.693719 0.063125 0.074158
