9 0.570334 0.650665 0.151776 0.166992
4 0.971593 0.628418 0.056814 0.199951
7 0.807740 0.745010 0.150129 0.150238
5 0.624539 0.887695 0.161931 0.175781
12 0.975024 0.889892 0.049953 0.214233
7 0.022100 0.025268 0.044200 0.050537
2 0.450465 0.078003 0.070944 0.156006
11 0.275706 0.153397 0.190200 0.180451
1 0.083172 0.344559 0.152050 0.168915
0 0.443878 0.371475 0.084118 0.165070
10 0.658161 0.129364 0.100726 0.138428
9 0.790038 0.234146 0.068066 0.117829
2 0.927130 0.116180 0.145739 0.156555
11 0.904624 0.356232 0.148482 0.127441
1 0.601073 0.312973 0.130368 0.107391
7 0.309052 0.913238 0.212980 0.172486
4 0.125439 0.841553 0.146012 0.120850
14 0.353240 0.727570 0.186632 0.154907
6 0.233302 0.578156 0.107588 0.104370
9 0.059701 0.669891 0.119401 0.107666
