8 0.115910 0.884964 0.145189 0.127716
11 0.076550 0.615524 0.153100 0.176605
2 0.340006 0.752167 0.204747 0.169189
9 0.462207 0.933624 0.100586 0.132752
5 0.484850 0.681854 0.055301 0.186218
10 0.094503 0.054459 0.124330 0.108917
2 0.303091 0.056656 0.156167 0.113312
12 0.313109 0.187881 0.143267 0.111786
0 0.065571 0.316696 0.131143 0.162872
3 0.464814 0.269730 0.095371 0.139801
7 0.825795 0.239654 0.093590 0.109314
1 0.591270 0.338532 0.057636 0.067566
0 0.663315 0.100952 0.221488 0.141724
13 0.992422 0.335098 0.015156 0.070587
1 0.633399 0.587509 0.130917 0.111786
0 0.922847 0.771393 0.154307 0.201050
2 0.601974 0.886612 0.164675 0.199127
