8 0.088147 0.098141 0.122134 0.122772
11 0.287815 0.209103 0.104294 0.135956
0 0.448166 0.073422 0.109917 0.146393
3 0.474377 0.310590 0.057496 0.104370
2 0.092812 0.352887 0.161656 0.121948
3 0.566250 0.074683 0.118018 0.149365
2 0.861705 0.092673 0.179221 0.185346
1 0.977305 0.331326 0.045390 0.128815
8 0.698402 0.314847 0.119389 0.161224
7 0.132618 0.821191 0.074162 0.098760
5 0.492912 0.855085 0.020427 0.110447
1 0.306344 0.978237 0.085258 0.043525
14 0.275686 0.724184 0.078834 0.070710
8 0.240357 0.855669 0.092265 0.106941
6 0.659292 0.676160 0.159186 0.130188
9 0.886956 0.594724 0.135308 0.107391
8 0.857177 0.782041 0.108686 0.151886
13 0.990204 0.874051 0.019591 0.124969
12 0.689757 0.924185 0.116371 0.151629
