8 0.904013 0.951117 0.132015 0.097766
5 0.789014 0.654355 0.133661 0.136505
6 0.751688 0.811597 0.104020 0.111511
14 0.982403 0.747738 0.035194 0.087616
3 0.596207 0.687176 0.094963 0.128540
1 0.050587 0.073590 0.095786 0.119751
10 0.245864 0.185376 0.110333 0.136780
0 0.411841 0.308011 0.160693 0.111237
14 0.406011 0.070157 0.107313 0.090912
5 0.059232 0.312817 0.102099 0.149964
2 0.807266 0.196362 0.178947 0.193359
9 0.656314 0.104626 0.111979 0.130737
13 0.832516 0.031165 0.126251 0.062329
5 0.981854 0.183728 0.036292 0.159302
10 0.636004 0.327649 0.106490 0.139526
9 0.271937 0.782483 0.146561 0.128540
6 0.034419 0.660397 0.068838 0.084320
12 0.061865 0.893582 0.123730 0.128815
5 0.467694 0.578686 0.048988 0.094483
14 0.454931 0.907041 0.074513 0.115631
