3 0.794957 0.056024 0.158088 0.112049
7 0.587054 0.239490 0.128721 0.142822
4 0.799210 0.231113 0.184711 0.168365
9 0.982423 0.216693 0.035154 0.141175
6 0.775058 0.439166 0.130368 0.140625
10 0.093580 0.149951 0.103746 0.136780
2 0.379084 0.134159 0.204332 0.157929
9 0.227379 0.283847 0.122683 0.129913
1 0.060645 0.338230 0.097159 0.103546
11 0.348964 0.377093 0.117743 0.127441
8 0.064585 0.653286 0.111388 0.135954
1 0.394886 0.704510 0.120402 0.121134
6 0.251305 0.819523 0.138430 0.148840
13 0.067222 0.920683 0.134444 0.119201
14 0.428893 0.924549 0.104714 0.137242
0 0.643181 0.748706 0.204198 0.096680
12 0.752964 0.914600 0.144914 0.127441
1 0.964858 0.919544 0.070285 0.117554
11 0.953331 0.703113 0.093339 0.165894
6 0.801818 0.637195 0.143816 0.132934
