1 0.289284 0.901016 0.132015 0.090912
10 0.163033 0.652313 0.116096 0.134033
12 0.112395 0.824112 0.109784 0.131561
0 0.473376 0.779343 0.081373 0.133759
5 0.326473 0.731964 0.083984 0.136231
1 0.123786 0.069351 0.106764 0.101898
10 0.322082 0.025681 0.072457 0.051361
6 0.296420 0.203384 0.139700 0.156280
2 0.121315 0.362961 0.188553 0.183746
8 0.482570 0.300476 0.062985 0.142822
10 0.773152 0.037628 0.144914 0.075256
12 0.602712 0.192398 0.154246 0.218354
14 0.795108 0.186905 0.163577 0.138153
0 0.996908 0.233048 0.006183 0.139801
9 0.759154 0.375595 0.169616 0.129364
0 0.675993 0.728394 0.204198 0.096680
12 0.785777 0.894287 0.144914 0.127441
1 0.981264 0.899231 0.037472 0.117554
11 0.969737 0.682800 0.060526 0.165894
6 0.834630 0.616882 0.143816 0.132934
