4 0.646180 0.098178 0.141621 0.090912
6 0.835008 0.031305 0.093316 0.062610
7 0.852299 0.233173 0.131740 0.169189
11 0.634653 0.360065 0.141620 0.103272
14 0.981728 0.328067 0.036545 0.122223
7 0.258922 0.047372 0.116096 0.094745
14 0.083543 0.184695 0.108960 0.098602
8 0.276076 0.213946 0.096061 0.089539
3 0.453855 0.235095 0.086040 0.080200
13 0.319029 0.401126 0.172634 0.129364
11 0.383892 0.858908 0.134894 0.121551
10 0.484618 0.820339 0.024514 0.109863
9 0.265641 0.674537 0.135478 0.112785
12 0.449873 0.676582 0.094005 0.111032
13 0.222136 0.827352 0.169931 0.198689
10 0.628478 0.636371 0.170439 0.149414
2 0.830754 0.660815 0.144640 0.150513
0 0.971847 0.773151 0.056306 0.109314
5 0.863826 0.901828 0.213529 0.128815
11 0.636575 0.896335 0.125702 0.182098
