6 0.620781 0.129404 0.102099 0.095307
7 0.636425 0.417520 0.135582 0.132110
11 0.797944 0.286508 0.167695 0.120575
1 0.941582 0.404337 0.116837 0.072235
8 0.933485 0.115671 0.133029 0.095307
9 0.053430 0.069940 0.106860 0.137878
13 0.451236 0.087244 0.066278 0.153809
6 0.223505 0.245721 0.142169 0.167542
8 0.040256 0.333887 0.080512 0.110962
1 0.468252 0.305048 0.032246 0.141175
5 0.036413 0.620630 0.072827 0.129639
2 0.233386 0.838983 0.155892 0.182373
4 0.400531 0.657297 0.125702 0.126618
9 0.436415 0.913449 0.095920 0.173102
3 0.054391 0.895700 0.108782 0.170563
2 0.982888 0.659769 0.034225 0.122772
14 0.982202 0.913724 0.035597 0.172552
8 0.654402 0.928967 0.150678 0.142065
6 0.832663 0.794351 0.158637 0.145294
9 0.687612 0.643289 0.190200 0.139801
