8 0.111984 0.624111 0.137524 0.115232
1 0.329118 0.736541 0.086784 0.077405
13 0.103934 0.901158 0.108130 0.090014
7 0.420276 0.618507 0.122127 0.096319
3 0.510461 0.754929 0.013452 0.153409
0 0.116618 0.159644 0.204198 0.096680
12 0.226402 0.325537 0.144914 0.127441
1 0.443224 0.330481 0.080142 0.117554
11 0.448643 0.114050 0.137089 0.165894
6 0.275255 0.057300 0.143816 0.114600
6 0.657161 0.055789 0.192670 0.111578
7 0.710544 0.315512 0.145189 0.129913
3 0.887432 0.209220 0.131191 0.115082
8 0.996275 0.074740 0.007450 0.149481
2 0.686117 0.676001 0.146287 0.165894
8 0.884825 0.764853 0.118292 0.107941
11 0.984473 0.638510 0.031053 0.131012
4 0.976651 0.873755 0.046697 0.109863
3 0.736754 0.892432 0.087827 0.093384
