13 0.098261 0.895093 0.132015 0.118103
14 0.361192 0.788938 0.116096 0.126068
9 0.360094 0.555340 0.109509 0.098328
3 0.503978 0.824506 0.020170 0.131286
12 0.153564 0.634580 0.132838 0.121124
0 0.076224 0.067848 0.152447 0.135696
1 0.335304 0.183698 0.146801 0.165593
9 0.106089 0.363789 0.190583 0.180412
11 0.472329 0.376675 0.083467 0.180412
12 0.656136 0.133573 0.104280 0.128541
9 0.844751 0.192240 0.121777 0.111379
3 0.984314 0.118337 0.031372 0.089664
13 0.942322 0.311500 0.115357 0.123638
1 0.634615 0.376471 0.104630 0.086161
6 0.634962 0.631283 0.156716 0.127716
7 0.601615 0.914862 0.173458 0.170276
14 0.920810 0.808026 0.141072 0.101624
5 0.984009 0.910886 0.031983 0.126618
