3 0.259019 0.055243 0.158088 0.110486
7 0.057738 0.237927 0.115477 0.142822
4 0.263273 0.229550 0.184711 0.168365
9 0.468361 0.215131 0.078904 0.141175
6 0.239121 0.437604 0.130368 0.140625
0 0.981364 0.155435 0.037272 0.117683
2 0.846200 0.438261 0.125276 0.142552
10 0.690653 0.159813 0.161320 0.168470
5 0.653910 0.415495 0.091333 0.127841
9 0.995536 0.353501 0.008928 0.140450
4 0.123848 0.884473 0.179770 0.132935
0 0.442836 0.895544 0.129953 0.208911
1 0.467674 0.653622 0.080276 0.117279
9 0.054445 0.624371 0.108890 0.115906
6 0.247904 0.750852 0.069438 0.069488
6 0.835653 0.940588 0.160010 0.118823
10 0.849376 0.716107 0.116645 0.135681
0 0.978688 0.791776 0.042624 0.143097
5 0.689504 0.659665 0.131191 0.139801
12 0.667822 0.840939 0.109235 0.131561
