2 0.092712 0.098553 0.185424 0.197107
13 0.081596 0.369730 0.163192 0.162323
1 0.279150 0.274835 0.117743 0.104370
12 0.434287 0.109265 0.168926 0.218531
6 0.490551 0.364511 0.056398 0.128265
7 0.653961 0.121666 0.141650 0.162371
0 0.889614 0.240544 0.115895 0.226160
14 0.989234 0.085905 0.021533 0.153995
10 0.693880 0.398405 0.157102 0.156572
8 0.084839 0.679790 0.097416 0.105286
1 0.460866 0.691489 0.095468 0.089688
0 0.284543 0.841619 0.167556 0.120884
5 0.450354 0.945669 0.136791 0.108663
14 0.047291 0.947131 0.094581 0.105738
7 0.995135 0.901776 0.009730 0.196448
10 0.979354 0.620767 0.041292 0.135956
6 0.787445 0.796823 0.197062 0.156281
9 0.617692 0.632852 0.141346 0.144745
12 0.609459 0.928967 0.112802 0.142066
