0 0.826435 0.931867 0.154246 0.136267
14 0.785541 0.784631 0.104294 0.094483
10 0.601516 0.830225 0.106764 0.142822
3 0.963992 0.769800 0.072015 0.136780
5 0.746842 0.619562 0.116920 0.084045
2 0.106121 0.097025 0.198708 0.146393
0 0.298654 0.021252 0.106215 0.042505
4 0.437185 0.331445 0.091255 0.139526
1 0.194908 0.366052 0.130917 0.097778
3 0.303868 0.213617 0.134759 0.120300
5 0.614278 0.109247 0.180594 0.146667
10 0.791304 0.234216 0.189926 0.197754
0 0.941761 0.088373 0.116478 0.112610
9 0.593694 0.344080 0.171262 0.129639
12 0.949720 0.344080 0.100559 0.172486
9 0.262562 0.793420 0.146561 0.128540
6 0.029732 0.671335 0.059463 0.084320
12 0.057177 0.904520 0.114355 0.128815
5 0.458319 0.589624 0.048988 0.094483
14 0.445556 0.917978 0.074513 0.115631
