13 0.255251 0.077869 0.140249 0.155737
12 0.069646 0.235800 0.139292 0.184296
7 0.263622 0.227972 0.060930 0.082397
1 0.259780 0.409384 0.131191 0.146942
14 0.476395 0.246375 0.075336 0.153259
10 0.613966 0.121542 0.173458 0.145294
5 0.864684 0.193778 0.143542 0.096954
0 0.993752 0.125525 0.012496 0.192261
13 0.593518 0.397025 0.145189 0.152435
9 0.986479 0.390433 0.027043 0.177154
11 0.182794 0.659323 0.146836 0.157379
6 0.252369 0.897040 0.124605 0.118653
10 0.452242 0.862433 0.123640 0.152161
12 0.461574 0.631583 0.104977 0.129913
7 0.734453 0.927234 0.155344 0.145532
8 0.886091 0.833594 0.078221 0.078003
10 0.997869 0.795279 0.004263 0.129364
4 0.897893 0.622794 0.091943 0.116730
3 0.705772 0.695715 0.156716 0.095032
