2 0.127681 0.644229 0.204747 0.171112
3 0.187376 0.913943 0.141895 0.159576
11 0.355756 0.799137 0.128995 0.149140
7 0.495248 0.808200 0.040754 0.077179
0 0.199177 0.183627 0.151776 0.178253
2 0.428555 0.303104 0.174141 0.172760
13 0.439192 0.067163 0.131740 0.134326
5 0.048745 0.064416 0.097490 0.128833
14 0.035434 0.345813 0.070868 0.120300
9 0.874891 0.045190 0.152599 0.090381
5 0.646130 0.213702 0.195140 0.208740
7 0.887654 0.220294 0.167146 0.138977
12 0.868167 0.387287 0.156167 0.131286
2 0.619645 0.675128 0.163577 0.123047
7 0.835507 0.650684 0.123781 0.124695
6 0.949247 0.794055 0.101505 0.138428
3 0.622115 0.919849 0.143267 0.113159
0 0.923860 0.954980 0.152280 0.090039
