10 0.694180 0.127883 0.176418 0.172036
0 0.845165 0.247729 0.122978 0.163015
8 0.989705 0.136260 0.020589 0.146263
12 0.703838 0.428463 0.133923 0.126289
6 0.990993 0.427819 0.018014 0.110825
5 0.195342 0.076529 0.203100 0.153058
2 0.048680 0.239575 0.097360 0.251038
11 0.209477 0.253308 0.194591 0.148864
3 0.452851 0.281872 0.069298 0.153809
10 0.162956 0.432385 0.148208 0.127441
7 0.061442 0.688641 0.122885 0.142273
13 0.042367 0.925894 0.084735 0.148212
1 0.429797 0.940366 0.115406 0.097504
8 0.224435 0.828442 0.116920 0.168640
2 0.400500 0.683011 0.149031 0.183746
9 0.633375 0.624646 0.235760 0.187866
5 0.688266 0.886756 0.138053 0.226489
0 0.883269 0.814572 0.194317 0.233734
7 0.968394 0.980277 0.063211 0.039447
6 0.993919 0.675733 0.012162 0.211487
