8 0.967223 0.934363 0.065553 0.131274
5 0.580258 0.873395 0.127074 0.147217
13 0.849090 0.655316 0.172909 0.159851
14 0.778554 0.837552 0.112528 0.099152
0 0.458468 0.225064 0.073689 0.179901
4 0.135363 0.049155 0.130093 0.098310
9 0.204527 0.362668 0.172360 0.149689
10 0.235952 0.214902 0.122683 0.129364
14 0.046136 0.205151 0.092273 0.164795
7 0.662717 0.346714 0.172555 0.177191
5 0.973974 0.359601 0.052053 0.111469
1 0.871006 0.211405 0.117827 0.143686
14 0.648230 0.059794 0.188652 0.119588
6 0.318152 0.568112 0.186632 0.134857
13 0.263261 0.747876 0.184436 0.170837
3 0.045039 0.740186 0.090078 0.186218
8 0.249538 0.923376 0.178947 0.153247
5 0.469858 0.766690 0.050909 0.243073
