1 0.280966 0.048727 0.138053 0.097455
4 0.270948 0.388180 0.158088 0.123321
9 0.056430 0.207181 0.112860 0.166168
12 0.271360 0.226407 0.177026 0.159576
14 0.483721 0.212399 0.063808 0.170563
7 0.582456 0.036505 0.133113 0.073010
1 0.875303 0.177655 0.195140 0.191711
0 0.681261 0.366208 0.230271 0.203522
6 0.082229 0.620130 0.164458 0.169739
11 0.482760 0.600079 0.065729 0.178528
7 0.336818 0.757458 0.208040 0.208191
0 0.126691 0.933661 0.253383 0.132678
2 0.478506 0.889432 0.074238 0.183746
7 0.840172 0.598981 0.116096 0.097778
14 0.664793 0.737820 0.108960 0.098602
8 0.857326 0.767071 0.096061 0.089539
3 0.996043 0.788220 0.007915 0.080200
13 0.900279 0.944785 0.172634 0.110431
