7 0.077698 0.066525 0.151776 0.117279
11 0.504686 0.081357 0.028129 0.147491
9 0.306597 0.256314 0.184162 0.184296
12 0.503862 0.347088 0.029776 0.138977
5 0.048798 0.366315 0.097596 0.188416
12 0.693169 0.115826 0.119389 0.125794
10 0.896268 0.240109 0.135308 0.095856
13 0.727201 0.396939 0.156167 0.140900
2 0.217398 0.955069 0.151776 0.089862
0 0.372466 0.652097 0.124879 0.107391
4 0.238119 0.722684 0.078495 0.082123
6 0.473123 0.866742 0.091254 0.135681
3 0.112554 0.823209 0.060107 0.050812
11 0.665311 0.660199 0.170164 0.125794
4 0.895033 0.766766 0.161931 0.130188
0 0.975923 0.923047 0.048154 0.115356
10 0.667781 0.906018 0.177300 0.138428
