3 0.464128 0.795169 0.096743 0.140900
4 0.114263 0.768802 0.125977 0.110687
5 0.266862 0.927453 0.169341 0.145093
7 0.096287 0.587253 0.086180 0.084320
11 0.362786 0.636966 0.138876 0.166718
3 0.032088 0.074518 0.064175 0.149035
11 0.307483 0.075067 0.141346 0.150134
14 0.510512 0.089435 0.003977 0.119751
8 0.148434 0.311221 0.132838 0.163971
2 0.477714 0.321659 0.069572 0.155182
11 0.588937 0.074243 0.117743 0.148486
3 0.774746 0.133380 0.100177 0.160400
8 0.938628 0.088885 0.122744 0.124145
7 0.919004 0.295291 0.161992 0.128815
4 0.629557 0.293918 0.150129 0.144745
9 0.613775 0.607440 0.167420 0.137878
6 0.814130 0.783221 0.142169 0.167542
8 0.608012 0.871387 0.126251 0.110962
