10 0.632003 0.607166 0.124330 0.137878
2 0.840591 0.585468 0.156167 0.190064
12 0.850609 0.755069 0.143267 0.111786
0 0.600028 0.883883 0.137229 0.162872
3 0.977314 0.836917 0.045371 0.139801
6 0.097909 0.072458 0.172909 0.144916
7 0.339433 0.194766 0.117469 0.143646
1 0.461634 0.112094 0.051732 0.115631
11 0.101889 0.274967 0.194591 0.154083
3 0.444343 0.316302 0.086314 0.169189
1 0.600577 0.111133 0.106490 0.094483
14 0.642295 0.327014 0.143816 0.117554
0 0.809714 0.235828 0.180045 0.183472
6 0.973472 0.284717 0.053056 0.134033
3 0.805323 0.041284 0.092218 0.082568
9 0.081458 0.634359 0.154527 0.142397
11 0.452849 0.636292 0.069302 0.177191
12 0.137153 0.947173 0.139718 0.105654
8 0.455747 0.913354 0.063507 0.110180
