1 0.337271 0.081662 0.189102 0.163324
7 0.046021 0.095621 0.092042 0.126618
10 0.206354 0.252863 0.150129 0.144470
12 0.455904 0.274423 0.097567 0.154632
14 0.230232 0.417383 0.155618 0.115906
6 0.618314 0.075620 0.170164 0.151239
7 0.987418 0.076032 0.025165 0.152063
11 0.856681 0.205758 0.196238 0.208465
0 0.673068 0.409555 0.261559 0.177154
11 0.066194 0.713190 0.132388 0.179626
2 0.295553 0.593714 0.195140 0.158753
10 0.493642 0.704538 0.022090 0.191437
8 0.431889 0.930066 0.145597 0.139868
0 0.195650 0.918530 0.242347 0.162939
7 0.873560 0.639993 0.122958 0.133759
5 0.691594 0.891580 0.116920 0.124969
11 0.917610 0.878122 0.134759 0.111237
14 0.678557 0.643015 0.112802 0.123871
