1 0.767491 0.253769 0.144365 0.137604
4 0.974317 0.262833 0.051366 0.164520
7 0.791094 0.062683 0.164675 0.125366
9 0.571665 0.207489 0.116645 0.171387
14 0.768726 0.426254 0.139151 0.147491
7 0.301138 0.209641 0.111508 0.107034
5 0.431055 0.107920 0.131639 0.146508
8 0.456088 0.373608 0.081574 0.137399
6 0.101258 0.320091 0.133506 0.157895
3 0.071110 0.080719 0.142220 0.161437
0 0.264137 0.922073 0.177575 0.155853
2 0.452346 0.927155 0.089058 0.145691
6 0.383527 0.688827 0.097433 0.100799
4 0.106186 0.651611 0.110333 0.143921
1 0.030999 0.912262 0.061998 0.090088
8 0.968386 0.672634 0.063227 0.126598
6 0.747559 0.832440 0.218606 0.160507
