4 0.618819 0.129059 0.140523 0.176331
13 0.824663 0.258148 0.165773 0.121399
3 0.970517 0.141144 0.058966 0.107117
1 0.617996 0.350708 0.145463 0.135132
14 0.952402 0.357025 0.095195 0.111511
0 0.078660 0.073181 0.157320 0.146362
11 0.411536 0.098709 0.167554 0.169464
3 0.465879 0.271195 0.058868 0.167816
9 0.318839 0.302506 0.175928 0.145843
5 0.116151 0.334641 0.166871 0.159576
5 0.079648 0.682358 0.120762 0.072785
7 0.273141 0.757340 0.099903 0.073883
12 0.438366 0.674667 0.101001 0.096405
2 0.400902 0.902909 0.144640 0.151337
6 0.121914 0.922821 0.071908 0.082397
4 0.644618 0.655991 0.141621 0.090912
6 0.833446 0.566040 0.093316 0.108764
7 0.850736 0.790985 0.131740 0.169189
11 0.633091 0.917877 0.141620 0.103272
14 0.980946 0.885879 0.038107 0.122223
