11 0.402642 0.829221 0.134894 0.121551
10 0.503368 0.790652 0.024514 0.109863
9 0.284391 0.644849 0.135478 0.112785
12 0.468623 0.646894 0.094005 0.111032
13 0.240886 0.797665 0.169931 0.198689
11 0.064754 0.344464 0.112679 0.112080
10 0.249520 0.258828 0.093782 0.091415
0 0.451859 0.319947 0.127531 0.137298
1 0.066679 0.102267 0.096232 0.092116
4 0.450985 0.147799 0.129281 0.119435
1 0.863913 0.037747 0.093316 0.075495
2 0.644346 0.083341 0.133936 0.166681
8 0.902474 0.243036 0.141346 0.124145
5 0.630623 0.358804 0.143267 0.142548
9 0.995082 0.053403 0.009836 0.106805
5 0.813138 0.561640 0.172360 0.142273
10 0.641876 0.720529 0.085631 0.119476
4 0.689906 0.897958 0.162480 0.150238
8 0.964755 0.732889 0.070491 0.148590
0 0.953090 0.906888 0.093820 0.186224
