9 0.592829 0.640417 0.163028 0.117004
4 0.823512 0.744788 0.150129 0.125794
13 0.971657 0.887061 0.056687 0.132386
0 0.593104 0.884040 0.184985 0.170288
7 0.045081 0.085333 0.090162 0.149414
12 0.258405 0.185583 0.167420 0.167542
4 0.456631 0.094714 0.074238 0.189429
9 0.443457 0.364111 0.100586 0.162048
5 0.063195 0.361090 0.126390 0.181824
7 0.835177 0.032092 0.139425 0.064185
2 0.948602 0.278418 0.102796 0.134033
14 0.610670 0.088904 0.131740 0.148315
5 0.573343 0.321814 0.127349 0.104370
0 0.730333 0.259741 0.164675 0.169189
7 0.083231 0.616385 0.166461 0.190887
2 0.287498 0.788596 0.186632 0.178802
1 0.482568 0.664725 0.022365 0.128815
0 0.055922 0.918399 0.111844 0.163202
11 0.487096 0.926886 0.013308 0.146118
