11 0.782194 0.304031 0.143542 0.150238
0 0.954703 0.292770 0.090595 0.172760
1 0.605855 0.110535 0.143267 0.075806
12 0.577448 0.338776 0.173183 0.141724
9 0.846829 0.061035 0.130093 0.122070
2 0.233828 0.208862 0.178947 0.193359
9 0.082876 0.117126 0.111979 0.130737
13 0.259079 0.037415 0.126251 0.074829
5 0.435760 0.196228 0.090979 0.159302
10 0.062566 0.340149 0.106490 0.139526
5 0.225183 0.824371 0.147384 0.210938
10 0.443719 0.886444 0.075062 0.146667
3 0.122261 0.658615 0.139700 0.131561
4 0.029362 0.870789 0.058724 0.137878
14 0.452091 0.637054 0.058319 0.091186
2 0.825970 0.659989 0.089474 0.122223
4 0.623831 0.785644 0.087003 0.078003
0 0.973503 0.819840 0.052993 0.112885
3 0.693270 0.725494 0.055715 0.078552
6 0.713717 0.901276 0.085082 0.100525
