0 0.991281 0.786001 0.017439 0.179901
4 0.696301 0.600745 0.130093 0.117005
9 0.765464 0.923605 0.172360 0.149689
10 0.796890 0.775839 0.122683 0.129364
14 0.578832 0.766089 0.148756 0.164795
10 0.119515 0.130610 0.118278 0.097019
5 0.295007 0.161432 0.121427 0.135546
6 0.088196 0.333579 0.082935 0.122587
7 0.456405 0.307486 0.074691 0.106125
4 0.453080 0.116775 0.081339 0.121886
0 0.632764 0.090430 0.116645 0.134583
11 0.705495 0.275550 0.140797 0.184570
12 0.830236 0.044665 0.111979 0.089331
5 0.950935 0.129019 0.098130 0.110687
9 0.904752 0.294226 0.188553 0.150513
11 0.084673 0.618323 0.163028 0.120850
5 0.478725 0.588385 0.030050 0.157654
4 0.315767 0.727087 0.154246 0.121948
10 0.084466 0.861670 0.168932 0.148315
14 0.423629 0.885840 0.126251 0.113159
