7 0.246394 0.696842 0.125154 0.096405
2 0.455736 0.696704 0.104154 0.151062
5 0.157881 0.877292 0.178123 0.178253
10 0.431516 0.886767 0.145738 0.153809
11 0.232490 0.379328 0.097521 0.102851
10 0.393369 0.137103 0.059563 0.110447
9 0.120079 0.252225 0.058395 0.108110
12 0.283294 0.076911 0.092849 0.089410
13 0.464022 0.290794 0.087581 0.146679
10 0.707207 0.077762 0.116645 0.113434
3 0.870235 0.196826 0.130917 0.104370
1 0.992960 0.094653 0.014080 0.077453
9 0.670704 0.302158 0.085905 0.097504
4 0.995018 0.308337 0.009963 0.086242
5 0.687679 0.661560 0.094482 0.080207
2 0.890991 0.768736 0.136475 0.144653
14 0.989762 0.663486 0.020475 0.103674
3 0.653036 0.914090 0.110579 0.087913
