9 0.068544 0.677118 0.120213 0.132385
2 0.248864 0.803186 0.245915 0.196655
12 0.415664 0.640314 0.184296 0.154358
6 0.061032 0.894372 0.122064 0.152710
8 0.490317 0.891901 0.034990 0.143372
10 0.081067 0.063351 0.162135 0.126703
2 0.279191 0.076440 0.144640 0.150513
0 0.449972 0.188776 0.115681 0.109314
5 0.312264 0.317453 0.213529 0.128815
11 0.085012 0.311960 0.125702 0.182098
1 0.626104 0.096628 0.115822 0.111786
9 0.744122 0.337091 0.127349 0.114258
13 0.840868 0.053506 0.085356 0.094207
6 0.975532 0.103357 0.048936 0.137329
14 0.945067 0.311136 0.109867 0.108490
3 0.597149 0.611475 0.167695 0.144470
4 0.810266 0.728341 0.151501 0.178253
8 0.982942 0.654184 0.034116 0.109040
9 0.967984 0.907144 0.064032 0.167267
10 0.601952 0.844934 0.133387 0.104919
