0 0.962799 0.929892 0.074401 0.140216
4 0.654296 0.850858 0.174281 0.133209
5 0.857533 0.747998 0.146012 0.131836
6 0.983109 0.763791 0.033781 0.137054
3 0.596660 0.607373 0.150129 0.147217
3 0.037321 0.189206 0.074642 0.172210
5 0.461285 0.210355 0.039931 0.223297
6 0.303404 0.033560 0.180319 0.067120
8 0.236985 0.376111 0.172085 0.165344
13 0.250708 0.196073 0.158912 0.162872
9 0.823500 0.227795 0.146561 0.128540
6 0.578957 0.105710 0.082887 0.084320
12 0.599542 0.338895 0.151501 0.128815
5 0.997381 0.035620 0.005238 0.071240
14 0.984619 0.352353 0.030763 0.115631
11 0.060239 0.824903 0.120477 0.131286
12 0.263607 0.812955 0.134759 0.136505
6 0.433290 0.807736 0.095920 0.140900
3 0.278565 0.649670 0.182790 0.120300
5 0.269371 0.944586 0.117194 0.110828
