1 0.814243 0.574808 0.146287 0.155731
9 0.582188 0.759515 0.143267 0.175781
12 0.810949 0.776269 0.199531 0.165344
4 0.804500 0.936749 0.169616 0.126501
14 0.991861 0.763773 0.016279 0.179352
0 0.081066 0.315805 0.162132 0.204071
11 0.392333 0.360712 0.190334 0.169189
4 0.449009 0.077402 0.076983 0.141998
8 0.265329 0.165018 0.139425 0.121124
5 0.065834 0.045911 0.131667 0.091821
7 0.608948 0.048520 0.151776 0.097040
9 0.837847 0.228189 0.184162 0.184296
5 0.568054 0.338190 0.121585 0.188416
9 0.284266 0.585794 0.152599 0.121674
5 0.076538 0.769952 0.153075 0.208740
7 0.297029 0.776544 0.167146 0.138977
2 0.457243 0.784784 0.060515 0.172486
12 0.277542 0.938947 0.156167 0.122107
