7 0.559346 0.034393 0.122958 0.068787
2 0.993888 0.079712 0.012224 0.159424
11 0.844508 0.163681 0.184985 0.176056
0 0.659386 0.364319 0.217646 0.217529
1 0.997456 0.336990 0.005088 0.180451
13 0.267188 0.046341 0.179496 0.092682
2 0.068959 0.202683 0.137917 0.232086
0 0.281871 0.220673 0.218195 0.182373
12 0.457317 0.233856 0.072866 0.153809
14 0.254562 0.409637 0.148208 0.141724
7 0.132703 0.699814 0.143267 0.146393
6 0.321530 0.807617 0.099903 0.120300
12 0.451553 0.907318 0.084393 0.126892
4 0.149170 0.930252 0.092218 0.078827
3 0.451075 0.675781 0.082338 0.072510
4 0.602856 0.608698 0.111054 0.121859
9 0.943656 0.641844 0.112689 0.123808
5 0.981161 0.825607 0.037678 0.136482
8 0.796714 0.787099 0.148073 0.141356
10 0.602856 0.877762 0.151969 0.186200
