0 0.454987 0.387219 0.118151 0.164246
4 0.124609 0.296170 0.174281 0.133209
5 0.327845 0.193311 0.146012 0.131836
6 0.475297 0.209103 0.077531 0.137054
3 0.071019 0.063147 0.142037 0.126294
3 0.603536 0.075757 0.131740 0.127441
10 0.858234 0.031287 0.118566 0.062573
1 0.988949 0.291638 0.022102 0.121948
9 0.661172 0.303723 0.091120 0.181275
12 0.840119 0.204297 0.203100 0.153809
5 0.067725 0.917859 0.135450 0.095032
6 0.445039 0.705685 0.107588 0.109040
3 0.066627 0.696347 0.133254 0.098602
14 0.481335 0.910580 0.065456 0.089813
8 0.298753 0.799893 0.101001 0.117279
3 0.595714 0.634686 0.097433 0.110962
6 0.820907 0.781354 0.153697 0.191162
12 0.647587 0.908383 0.138053 0.145843
4 0.975089 0.647870 0.049822 0.115356
8 0.966169 0.897122 0.067662 0.090363
