7 0.263295 0.816217 0.093590 0.109314
1 0.028794 0.915094 0.057588 0.067566
0 0.105780 0.677514 0.211559 0.141724
8 0.498984 0.656366 0.027031 0.134033
13 0.456651 0.911661 0.068615 0.070587
11 0.237178 0.388703 0.097521 0.102851
10 0.398057 0.146478 0.059563 0.110447
9 0.124766 0.261600 0.058395 0.108110
12 0.287981 0.086286 0.092849 0.089410
13 0.468709 0.300169 0.087581 0.146679
7 0.985972 0.090158 0.028056 0.139801
12 0.810288 0.240121 0.141620 0.146393
9 0.651102 0.331583 0.108686 0.171112
6 0.988717 0.334329 0.022567 0.154632
10 0.650827 0.054761 0.138327 0.109522
0 0.723696 0.795618 0.102922 0.079651
5 0.766786 0.919763 0.127623 0.078552
13 0.594152 0.906030 0.160559 0.136780
12 0.651376 0.636316 0.178947 0.181824
6 0.897840 0.687128 0.178947 0.149964
11 0.971288 0.885019 0.057423 0.144745
