2 0.068450 0.621714 0.136900 0.118557
1 0.407322 0.687758 0.113320 0.121778
7 0.218671 0.765722 0.157102 0.166881
13 0.066076 0.870103 0.124909 0.117912
14 0.447446 0.919717 0.139483 0.116624
7 0.321450 0.190891 0.111508 0.107034
5 0.451368 0.089170 0.131639 0.146508
8 0.476400 0.354858 0.081574 0.137399
6 0.121570 0.301341 0.133506 0.157895
3 0.081266 0.071344 0.162532 0.142687
12 0.632186 0.120349 0.167420 0.140625
13 0.817445 0.222796 0.159186 0.177429
11 0.996001 0.104419 0.007999 0.164795
7 0.972946 0.402423 0.054108 0.095032
5 0.642890 0.337878 0.177849 0.102173
11 0.614871 0.789381 0.123798 0.132654
10 0.858673 0.621957 0.098688 0.094669
9 0.980870 0.838177 0.038260 0.094669
12 0.782467 0.901582 0.141317 0.098760
13 0.721151 0.669291 0.040877 0.060775
