13 0.130656 0.631885 0.132289 0.131286
2 0.313583 0.694919 0.110607 0.134308
7 0.484226 0.633396 0.044047 0.072235
0 0.151652 0.859302 0.178123 0.192810
9 0.423504 0.864383 0.104294 0.110687
5 0.048037 0.061060 0.096074 0.122119
11 0.096212 0.334293 0.173183 0.118927
14 0.287647 0.196002 0.109784 0.142822
4 0.472562 0.354343 0.067377 0.155731
2 0.450331 0.066363 0.111839 0.125244
2 0.815016 0.057764 0.225056 0.115527
7 0.994923 0.172793 0.010154 0.145294
8 0.847402 0.196414 0.153148 0.106842
4 0.616857 0.211795 0.137229 0.150238
9 0.883082 0.380023 0.165773 0.143372
12 0.674356 0.591236 0.151227 0.158753
1 0.754087 0.890064 0.113626 0.141724
0 0.889120 0.683246 0.124056 0.136780
6 0.961439 0.849964 0.077122 0.128540
