12 0.153649 0.093457 0.143816 0.137878
8 0.358669 0.201398 0.115822 0.136780
9 0.444849 0.347791 0.104294 0.093933
5 0.472499 0.085767 0.080001 0.099426
10 0.160373 0.316480 0.149031 0.109314
3 0.688274 0.081492 0.124909 0.133376
10 0.959710 0.088901 0.080579 0.172680
6 0.777127 0.375628 0.132636 0.148196
8 0.997376 0.423309 0.005247 0.137887
7 0.267000 0.596906 0.161382 0.166992
12 0.078584 0.764722 0.123781 0.110962
14 0.113852 0.936331 0.161931 0.127338
2 0.481145 0.718442 0.062710 0.176605
6 0.469617 0.941412 0.085765 0.117175
6 0.652474 0.627118 0.192670 0.143921
7 0.705856 0.903012 0.145189 0.129913
3 0.882745 0.796720 0.131191 0.115082
8 0.993931 0.643185 0.012137 0.187591
