2 0.093034 0.101901 0.149772 0.141501
7 0.383130 0.103653 0.071387 0.101572
13 0.269926 0.237097 0.122827 0.121186
11 0.091109 0.345324 0.099032 0.122587
9 0.454419 0.365639 0.094287 0.123288
13 0.805251 0.071619 0.140249 0.143237
12 0.597486 0.223300 0.183613 0.184296
7 0.813622 0.215472 0.060930 0.082397
1 0.809780 0.396884 0.131191 0.146942
14 0.994363 0.233875 0.011273 0.153259
5 0.068199 0.594226 0.136398 0.178528
12 0.470756 0.622379 0.061612 0.170013
11 0.289821 0.744327 0.133387 0.179901
7 0.049399 0.904865 0.098798 0.137329
9 0.470619 0.917963 0.061887 0.164075
9 0.610522 0.663028 0.148756 0.135407
5 0.825699 0.781268 0.147110 0.122497
2 0.619580 0.925379 0.188828 0.149243
