0 0.270294 0.968988 0.094963 0.062024
12 0.094527 0.688724 0.189053 0.141449
6 0.359767 0.653980 0.150403 0.192810
7 0.488967 0.663318 0.047066 0.114258
11 0.475793 0.890597 0.073414 0.171662
13 0.076275 0.920923 0.152551 0.158154
5 0.263981 0.822620 0.135033 0.085144
8 0.070237 0.039011 0.140475 0.078021
2 0.140749 0.309284 0.139974 0.238403
4 0.303915 0.134464 0.184711 0.157379
11 0.430233 0.343066 0.164535 0.158753
10 0.463991 0.092166 0.097018 0.159027
7 0.583647 0.060293 0.107525 0.120586
9 0.882399 0.156991 0.169336 0.160438
11 0.684089 0.363499 0.175774 0.164948
11 0.664276 0.632831 0.142169 0.095032
4 0.897840 0.747638 0.162480 0.126892
10 0.662629 0.886340 0.182790 0.136231
