10 0.077942 0.614496 0.155885 0.149414
2 0.272941 0.638940 0.144640 0.150513
0 0.443722 0.751276 0.115681 0.109314
5 0.306014 0.879953 0.213529 0.128815
11 0.078762 0.874460 0.125702 0.182098
11 0.096053 0.080286 0.150403 0.102173
6 0.469247 0.326929 0.064632 0.136231
9 0.321109 0.225305 0.104294 0.124145
8 0.322207 0.026684 0.102099 0.053369
14 0.066415 0.353845 0.132831 0.139526
5 0.707132 0.077814 0.138876 0.141175
0 0.710151 0.299325 0.177300 0.153534
1 0.928620 0.192484 0.088925 0.088165
7 0.793038 0.592249 0.180594 0.185669
9 0.586233 0.772836 0.147385 0.196381
1 0.779589 0.807443 0.160833 0.139801
4 0.975837 0.818293 0.048325 0.171387
14 0.786039 0.949658 0.188553 0.100684
