7 0.698328 0.148252 0.143267 0.146393
6 0.887155 0.256055 0.099903 0.120300
12 0.987491 0.355756 0.025018 0.126892
4 0.714795 0.378690 0.092218 0.078827
3 0.987766 0.124219 0.024469 0.072510
1 0.238201 0.235455 0.085082 0.062622
2 0.278409 0.049475 0.121036 0.098950
4 0.085190 0.366055 0.094688 0.131561
6 0.080662 0.116391 0.111979 0.101349
10 0.446582 0.254956 0.100586 0.104370
2 0.103305 0.701001 0.146287 0.165894
8 0.302012 0.789853 0.118292 0.107941
11 0.441505 0.663510 0.110741 0.131012
4 0.433683 0.898755 0.126385 0.109863
3 0.153942 0.917432 0.087827 0.093384
12 0.611599 0.594708 0.155892 0.166992
0 0.868630 0.765683 0.240152 0.215607
10 0.971298 0.620938 0.057404 0.139252
14 0.637535 0.922461 0.214901 0.155078
