2 0.071503 0.115805 0.143007 0.159576
0 0.467210 0.095599 0.078080 0.191199
1 0.312485 0.272223 0.174281 0.110962
8 0.064505 0.362173 0.129010 0.120575
9 0.476267 0.426581 0.059966 0.146667
7 0.627286 0.116766 0.153697 0.142273
13 0.593116 0.364783 0.145738 0.169739
1 0.976672 0.368491 0.046656 0.097504
8 0.805685 0.256567 0.116920 0.168640
2 0.953617 0.111136 0.092766 0.183746
11 0.152744 0.685308 0.160931 0.125379
7 0.433562 0.824198 0.126368 0.191311
14 0.164084 0.931117 0.114488 0.108086
7 0.779336 0.679816 0.154795 0.150513
11 0.803489 0.903937 0.194317 0.173035
