11 0.163681 0.139995 0.160931 0.125379
7 0.444500 0.278885 0.126368 0.191311
14 0.175022 0.385805 0.114488 0.108086
11 0.702447 0.104153 0.131740 0.139252
3 0.916387 0.042395 0.086454 0.084790
6 0.915564 0.225277 0.138053 0.136505
13 0.714660 0.342145 0.123781 0.114258
3 0.077782 0.707028 0.124879 0.111237
10 0.243007 0.863309 0.134210 0.103546
12 0.444526 0.918240 0.145322 0.141998
13 0.269492 0.651135 0.095512 0.111511
6 0.456261 0.729276 0.104020 0.124969
0 0.625736 0.787091 0.188004 0.235108
2 0.886334 0.621884 0.220665 0.170563
5 0.829796 0.969351 0.154795 0.061298
12 0.863143 0.825955 0.172634 0.140350
