0 0.247893 0.054376 0.250855 0.108752
6 0.238150 0.426120 0.161656 0.163421
7 0.244601 0.237705 0.161382 0.156830
8 0.041884 0.248691 0.083768 0.124969
13 0.461490 0.255420 0.108271 0.141175
11 0.678844 0.099485 0.174487 0.140464
12 0.955800 0.164240 0.088400 0.164304
8 0.745162 0.374291 0.119114 0.072809
2 0.943889 0.336276 0.112223 0.143686
2 0.125643 0.709515 0.136475 0.217505
0 0.359749 0.800755 0.174968 0.165318
8 0.489653 0.640166 0.051945 0.128541
7 0.109896 0.950463 0.105681 0.099074
10 0.510998 0.938204 0.009253 0.123591
5 0.827273 0.627307 0.179770 0.160400
7 0.973949 0.951807 0.052103 0.096386
11 0.980536 0.786609 0.038928 0.168091
12 0.789535 0.922968 0.159186 0.154065
13 0.638583 0.748432 0.155344 0.175232
