10 0.828546 0.062546 0.160284 0.125091
6 0.580985 0.247452 0.169067 0.172760
7 0.822096 0.248138 0.184162 0.136231
5 0.975477 0.259537 0.049045 0.145294
1 0.805629 0.428863 0.155069 0.136231
7 0.022043 0.239496 0.044085 0.086488
5 0.185110 0.380038 0.094017 0.124473
1 0.450219 0.288876 0.068311 0.067204
14 0.247301 0.074116 0.102776 0.098176
8 0.187446 0.184856 0.049636 0.081229
12 0.021593 0.639526 0.043186 0.170837
11 0.178905 0.777130 0.135857 0.237305
3 0.423515 0.868317 0.121719 0.129639
8 0.428181 0.624695 0.112387 0.104919
9 0.028043 0.910339 0.056086 0.159851
0 0.982065 0.898254 0.035871 0.123596
11 0.616115 0.679352 0.085082 0.132385
1 0.894142 0.649140 0.171262 0.128540
13 0.855581 0.858703 0.125428 0.150513
4 0.562733 0.886444 0.116645 0.158753
