8 0.070244 0.682818 0.131466 0.155456
4 0.267580 0.778537 0.153423 0.125519
11 0.433146 0.638324 0.152459 0.145020
12 0.047404 0.896778 0.094808 0.124695
7 0.446869 0.916690 0.125013 0.135956
2 0.100847 0.094088 0.149772 0.141501
7 0.390942 0.095840 0.071387 0.101572
13 0.277739 0.229285 0.122827 0.121186
11 0.098922 0.337511 0.099032 0.122587
9 0.462231 0.357826 0.094287 0.123288
13 0.671745 0.067470 0.140674 0.126790
11 0.881881 0.219828 0.106730 0.092466
3 0.667020 0.357826 0.098332 0.092466
0 0.634123 0.609230 0.209102 0.184286
13 0.988145 0.671055 0.023710 0.210443
10 0.983987 0.910163 0.032027 0.120083
4 0.754119 0.847743 0.166331 0.140295
