12 0.136801 0.882031 0.108686 0.149414
11 0.069833 0.686475 0.117469 0.149414
13 0.272383 0.584851 0.094414 0.102173
8 0.317943 0.903455 0.117469 0.132935
3 0.454554 0.762830 0.109643 0.115356
5 0.258523 0.063910 0.179770 0.127820
7 0.444261 0.384488 0.130228 0.121124
11 0.450848 0.206922 0.117053 0.168091
12 0.220785 0.356747 0.159186 0.181000
13 0.073752 0.168744 0.147505 0.175232
7 0.613121 0.059515 0.140523 0.119031
4 0.849292 0.098294 0.225880 0.185943
12 0.993192 0.357434 0.013616 0.159851
5 0.620531 0.323376 0.166322 0.166443
6 0.644134 0.590894 0.142169 0.134033
4 0.880992 0.812131 0.109784 0.126068
2 0.990997 0.696362 0.018007 0.128540
12 0.698889 0.856625 0.160010 0.188690
