5 0.092107 0.605914 0.111430 0.113708
6 0.065622 0.923968 0.071085 0.096680
12 0.268310 0.790348 0.122409 0.126618
14 0.436894 0.627338 0.163712 0.095581
9 0.496177 0.915729 0.045145 0.141724
7 0.246765 0.044641 0.099079 0.089282
8 0.105281 0.135425 0.104294 0.113159
2 0.464752 0.241580 0.107996 0.163421
0 0.114201 0.340732 0.129819 0.156830
10 0.268310 0.258472 0.143267 0.134583
0 0.620063 0.070036 0.136383 0.140073
7 0.837301 0.334559 0.101313 0.155004
12 0.620550 0.350157 0.174375 0.190100
14 0.982945 0.078656 0.034110 0.140381
6 0.964436 0.254620 0.071128 0.145256
7 0.601088 0.601657 0.162480 0.179352
14 0.871155 0.648761 0.160833 0.159302
2 0.991430 0.910348 0.017140 0.179303
3 0.585169 0.912570 0.127897 0.107941
