11 0.797417 0.634048 0.183064 0.152985
13 0.608864 0.762451 0.125428 0.111511
3 0.658266 0.942352 0.115547 0.104919
1 0.973979 0.905960 0.052042 0.117279
9 0.973704 0.705459 0.052591 0.131012
4 0.166576 0.118240 0.106764 0.098053
11 0.308884 0.211899 0.069712 0.089264
12 0.433350 0.106980 0.081515 0.081574
1 0.162734 0.314484 0.062851 0.070862
8 0.444329 0.313522 0.086454 0.090912
6 0.602277 0.067017 0.185808 0.134033
2 0.989074 0.104233 0.021852 0.208466
11 0.833508 0.182236 0.184436 0.187592
7 0.631644 0.390838 0.202276 0.202698
0 0.979056 0.390701 0.041888 0.202972
5 0.437260 0.919556 0.103605 0.127442
8 0.440005 0.646820 0.098116 0.140075
12 0.220371 0.776047 0.116096 0.092560
13 0.039718 0.658356 0.079436 0.132935
14 0.054872 0.886322 0.108411 0.112061
