6 0.074480 0.070511 0.148961 0.141022
2 0.470008 0.095780 0.075610 0.191559
11 0.293326 0.195129 0.200355 0.175781
0 0.118943 0.394531 0.237886 0.190064
7 0.439405 0.350586 0.136815 0.196106
10 0.640650 0.066803 0.167969 0.133606
2 0.839222 0.085266 0.144640 0.150513
0 0.972924 0.199249 0.054151 0.108215
7 0.847318 0.318176 0.194866 0.205444
11 0.650257 0.315704 0.135033 0.179627
5 0.243877 0.920040 0.152996 0.092332
7 0.490592 0.858972 0.034442 0.151354
1 0.297308 0.632233 0.065987 0.077722
14 0.084166 0.803164 0.056644 0.081813
8 0.438042 0.664666 0.078834 0.085319
10 0.695405 0.660813 0.117743 0.127167
5 0.877097 0.736481 0.118841 0.064819
0 0.982256 0.630875 0.035488 0.134308
8 0.998998 0.863785 0.002004 0.127716
7 0.763333 0.883148 0.075751 0.049439
