11 0.117504 0.592230 0.153697 0.102722
7 0.300019 0.721869 0.163028 0.108215
13 0.456939 0.612830 0.107996 0.143921
10 0.057929 0.836950 0.115857 0.142822
0 0.444040 0.881995 0.133795 0.137329
7 0.081001 0.059772 0.147110 0.119544
10 0.305783 0.179831 0.126800 0.134857
8 0.473270 0.051944 0.075336 0.103888
6 0.474163 0.275000 0.057362 0.064270
3 0.090196 0.316748 0.144640 0.146667
2 0.659831 0.085178 0.128172 0.170355
7 0.896689 0.225561 0.134759 0.084045
13 0.646932 0.333502 0.156167 0.144470
10 0.668338 0.599045 0.181295 0.167004
3 0.711955 0.854865 0.150194 0.167004
14 0.906905 0.826778 0.131989 0.126012
12 0.994794 0.855624 0.010412 0.179150
6 0.959521 0.635862 0.080958 0.170800
