5 0.585133 0.159323 0.119389 0.117279
7 0.574154 0.366278 0.144091 0.140625
10 0.760100 0.157126 0.086180 0.120575
14 0.939745 0.247900 0.120511 0.109863
6 0.768471 0.361060 0.134759 0.175232
8 0.057906 0.055972 0.115812 0.111945
7 0.450855 0.314368 0.060789 0.140625
10 0.425742 0.107001 0.111015 0.143921
3 0.087547 0.314230 0.175095 0.148590
11 0.301345 0.233343 0.156990 0.152710
7 0.420239 0.716701 0.098688 0.068957
5 0.181693 0.963539 0.075914 0.072922
1 0.094976 0.819260 0.080002 0.047335
14 0.473081 0.863088 0.016339 0.084735
8 0.245928 0.670243 0.070075 0.053179
7 0.552884 0.584631 0.142718 0.121948
0 0.992715 0.647803 0.014570 0.167542
1 0.855749 0.742972 0.149031 0.202423
2 0.675704 0.928134 0.208314 0.143732
11 0.985442 0.914676 0.029116 0.170648
