5 0.672706 0.774619 0.091681 0.125642
7 0.929348 0.613330 0.141304 0.119798
1 0.863952 0.755626 0.105112 0.080645
14 0.831834 0.918084 0.060731 0.063113
8 0.999423 0.839485 0.001155 0.104604
1 0.052723 0.107410 0.105447 0.102722
8 0.076739 0.366687 0.153477 0.131836
9 0.240206 0.250507 0.120762 0.144470
5 0.441177 0.283465 0.108271 0.128540
13 0.259967 0.043268 0.094414 0.086535
4 0.652783 0.135068 0.129476 0.116283
11 0.876917 0.228059 0.122127 0.160764
13 0.628987 0.387422 0.132975 0.113831
2 0.193960 0.944131 0.151776 0.111737
0 0.349029 0.630222 0.124879 0.107391
4 0.214682 0.700809 0.078495 0.082123
6 0.449685 0.844867 0.091254 0.135681
3 0.089117 0.801334 0.060107 0.050812
