10 0.069948 0.131409 0.076574 0.109864
3 0.277713 0.188400 0.089199 0.094208
6 0.469627 0.088974 0.070121 0.134857
9 0.448356 0.345368 0.112662 0.159851
13 0.166283 0.384781 0.119938 0.116180
1 0.759979 0.160116 0.119114 0.148840
10 0.989285 0.155928 0.021430 0.140464
0 0.959667 0.359858 0.080665 0.173325
14 0.715874 0.363080 0.130060 0.138531
3 0.028181 0.634033 0.056363 0.176880
11 0.299670 0.634857 0.141346 0.177429
14 0.502699 0.662872 0.003977 0.119751
8 0.140621 0.884659 0.132838 0.163971
2 0.469902 0.895096 0.069572 0.155182
10 0.711045 0.704253 0.151308 0.159794
6 0.900985 0.791881 0.115251 0.154639
13 0.760623 0.960696 0.117827 0.078608
7 0.989607 0.916237 0.020786 0.141753
