12 0.072010 0.682849 0.144021 0.140625
13 0.245570 0.785296 0.159186 0.177429
11 0.463969 0.666919 0.087686 0.164795
7 0.430555 0.958704 0.113077 0.082593
5 0.079970 0.900378 0.159940 0.102173
0 0.295796 0.201511 0.209687 0.173859
2 0.072971 0.181461 0.145942 0.223297
12 0.476731 0.214420 0.062162 0.149689
13 0.281524 0.036554 0.180045 0.073108
14 0.268213 0.389102 0.142444 0.137604
7 0.728203 0.337467 0.155344 0.162872
8 0.879841 0.235156 0.078221 0.078003
10 0.994744 0.196842 0.010513 0.129364
4 0.891643 0.041360 0.091943 0.082721
3 0.699522 0.097278 0.156716 0.095032
5 0.658628 0.578754 0.138053 0.141724
3 0.991999 0.579028 0.016001 0.125244
9 0.870647 0.708942 0.151501 0.151611
12 0.694856 0.831988 0.181966 0.141175
4 0.992411 0.853000 0.015178 0.170563
