6 0.812343 0.917596 0.159461 0.132935
0 0.969229 0.750467 0.061543 0.089264
10 0.834300 0.673288 0.134759 0.094757
12 0.646982 0.811166 0.107039 0.129364
5 0.634632 0.664636 0.082338 0.108764
7 0.033321 0.025250 0.066643 0.050501
11 0.462204 0.076337 0.059966 0.152673
1 0.301167 0.156656 0.148482 0.186493
0 0.101799 0.342050 0.203598 0.213959
2 0.435445 0.318017 0.113486 0.205994
12 0.650256 0.070337 0.151308 0.140673
2 0.854360 0.157426 0.205392 0.242268
10 0.992049 0.083972 0.015902 0.150773
7 0.998488 0.288547 0.003025 0.178479
6 0.676010 0.337838 0.152595 0.141753
9 0.041555 0.641702 0.083110 0.133759
5 0.270016 0.700616 0.219567 0.148315
12 0.450403 0.609018 0.083570 0.190338
4 0.449031 0.874063 0.086314 0.138702
7 0.057336 0.860742 0.114673 0.161499
