8 0.071321 0.100888 0.134759 0.201776
3 0.253286 0.121027 0.132015 0.180725
2 0.067017 0.355585 0.134034 0.140625
1 0.458923 0.378931 0.091529 0.129089
9 0.670872 0.395548 0.157814 0.169464
2 0.872051 0.298181 0.194591 0.141175
6 0.990849 0.289941 0.018303 0.170837
13 0.632036 0.181314 0.110882 0.140351
0 0.844742 0.066782 0.115273 0.073883
7 0.038336 0.959317 0.076672 0.081366
14 0.443142 0.824975 0.123092 0.135681
10 0.283477 0.711954 0.142444 0.155731
6 0.249993 0.918393 0.171536 0.163214
5 0.087102 0.774713 0.096061 0.095581
7 0.890302 0.924435 0.212980 0.151129
4 0.706689 0.863428 0.146012 0.120850
14 0.920587 0.749445 0.158826 0.154907
6 0.814552 0.600031 0.107588 0.104370
9 0.621607 0.691766 0.158088 0.107666
