11 0.583556 0.599410 0.151969 0.140381
7 0.769621 0.783173 0.114951 0.110160
8 0.943747 0.631093 0.112505 0.125758
1 0.990994 0.852876 0.018012 0.144281
6 0.598656 0.897720 0.135409 0.144281
8 0.447552 0.264923 0.083020 0.131286
5 0.111411 0.313400 0.138602 0.124420
1 0.287064 0.192413 0.102922 0.104370
6 0.305727 0.017929 0.101275 0.035858
4 0.095492 0.059952 0.127074 0.119903
7 0.780538 0.058166 0.180594 0.116333
9 0.573733 0.204086 0.147385 0.196381
1 0.767089 0.238693 0.160833 0.139801
4 0.969587 0.249543 0.060825 0.171387
14 0.773539 0.407471 0.188553 0.153809
7 0.066340 0.605499 0.132681 0.149964
10 0.283908 0.740769 0.126800 0.134857
8 0.451395 0.601929 0.075336 0.125794
6 0.452288 0.835938 0.057362 0.064270
3 0.070320 0.877686 0.140641 0.146667
