5 0.800183 0.266559 0.147384 0.210938
10 0.990594 0.328632 0.018812 0.146667
3 0.697261 0.100802 0.139700 0.131561
4 0.586242 0.312976 0.094963 0.137878
14 0.998966 0.079242 0.002069 0.091186
10 0.307121 0.033441 0.129819 0.066883
4 0.100180 0.123462 0.122134 0.114258
2 0.291889 0.217807 0.158088 0.157379
5 0.054687 0.375873 0.109374 0.119751
9 0.444829 0.325061 0.097841 0.114807
2 0.101003 0.856524 0.160559 0.142822
4 0.085496 0.631030 0.148208 0.148864
12 0.415736 0.681430 0.156027 0.200226
13 0.440712 0.900882 0.106075 0.182098
9 0.313434 0.834278 0.107862 0.107117
8 0.966824 0.677322 0.066352 0.126598
6 0.744434 0.837127 0.218606 0.160507
3 0.999342 0.885279 0.001317 0.166452
