0 0.143946 0.618905 0.152325 0.121674
5 0.135437 0.868844 0.089199 0.140350
1 0.304093 0.764474 0.132289 0.111237
12 0.457857 0.891504 0.087412 0.125794
11 0.450858 0.613687 0.101409 0.108490
5 0.066415 0.033078 0.132830 0.066156
12 0.471991 0.058621 0.059142 0.117242
9 0.281038 0.153497 0.170164 0.170288
7 0.075884 0.353998 0.151768 0.155456
11 0.451132 0.348093 0.100860 0.180451
2 0.599133 0.183160 0.174281 0.176880
6 0.837363 0.094446 0.250581 0.163147
7 0.830776 0.240014 0.125428 0.083496
9 0.972407 0.317193 0.055186 0.137878
0 0.726893 0.392038 0.233290 0.179352
11 0.587880 0.656397 0.113351 0.160400
13 0.814720 0.614374 0.171262 0.191711
4 0.991619 0.712976 0.016763 0.159302
0 0.858496 0.922681 0.234114 0.154639
3 0.581704 0.886835 0.116371 0.137878
