6 0.378409 0.579358 0.112528 0.120850
3 0.175858 0.698285 0.114175 0.111511
8 0.157743 0.900982 0.127349 0.135681
1 0.311303 0.827100 0.151776 0.106018
12 0.474811 0.894116 0.066004 0.117005
11 0.114379 0.045233 0.153697 0.090466
7 0.296894 0.168744 0.163028 0.108215
13 0.453814 0.065832 0.107996 0.131665
10 0.056366 0.283825 0.112732 0.142822
0 0.440915 0.328870 0.133795 0.137329
1 0.745076 0.100016 0.111388 0.116624
14 0.762460 0.379977 0.173199 0.127577
8 0.980224 0.364191 0.039553 0.143686
3 0.597286 0.630444 0.131740 0.127441
10 0.851984 0.567822 0.118566 0.098877
1 0.985824 0.846325 0.028352 0.121948
9 0.654922 0.858411 0.091120 0.181275
12 0.833869 0.758984 0.203100 0.153809
