7 0.074691 0.949426 0.149382 0.090088
2 0.463018 0.595804 0.073963 0.150787
8 0.435024 0.941205 0.129953 0.117590
1 0.059459 0.682046 0.118917 0.098053
13 0.264930 0.770487 0.125154 0.210113
5 0.054656 0.146188 0.109311 0.121674
10 0.212919 0.146188 0.090846 0.121674
13 0.088315 0.358499 0.135308 0.154083
3 0.332858 0.331857 0.170439 0.162323
2 0.414784 0.119958 0.153697 0.177978
11 0.576437 0.078931 0.117743 0.157861
3 0.762246 0.142755 0.100177 0.160400
8 0.932378 0.098260 0.135244 0.124145
7 0.910316 0.304666 0.169615 0.128815
4 0.617057 0.303293 0.150129 0.144745
0 0.903834 0.564218 0.192332 0.106842
5 0.618018 0.675592 0.206942 0.182373
7 0.888084 0.872659 0.138876 0.162323
8 0.684436 0.908365 0.167420 0.129913
