0 0.968221 0.111371 0.063558 0.131343
9 0.847209 0.203136 0.099382 0.080908
6 0.694112 0.349191 0.127026 0.120135
11 0.651595 0.113823 0.146273 0.148155
0 0.426609 0.226819 0.128032 0.161499
1 0.059454 0.341626 0.094139 0.127441
5 0.295900 0.054907 0.119115 0.109815
14 0.075510 0.095532 0.133387 0.123047
8 0.265572 0.333112 0.128172 0.104370
9 0.044205 0.661603 0.088409 0.166992
4 0.437999 0.639356 0.105251 0.199951
7 0.249928 0.755948 0.150129 0.150238
5 0.073846 0.898633 0.147692 0.175781
12 0.441430 0.896857 0.098390 0.206287
14 0.849754 0.611203 0.173183 0.133759
0 0.621130 0.815274 0.116096 0.195282
13 0.863203 0.803052 0.141346 0.131836
8 0.822995 0.943961 0.136680 0.112079
