5 0.073485 0.103638 0.143267 0.131836
12 0.231848 0.226959 0.142718 0.167542
3 0.449493 0.079743 0.094963 0.143372
14 0.400914 0.376099 0.109784 0.118653
11 0.053896 0.339844 0.107792 0.186767
7 0.660274 0.140442 0.113351 0.148315
3 0.848964 0.244263 0.114175 0.126343
13 0.982530 0.127670 0.034939 0.132660
10 0.990764 0.405075 0.018472 0.107391
8 0.678526 0.401093 0.122958 0.094483
11 0.076962 0.634182 0.153924 0.150773
0 0.322616 0.784311 0.220201 0.168814
9 0.100463 0.918251 0.200926 0.163499
1 0.488614 0.949823 0.038396 0.100354
11 0.816167 0.657486 0.183064 0.152985
13 0.627614 0.785889 0.125428 0.111511
3 0.677016 0.956665 0.115547 0.086670
1 0.983354 0.929398 0.033292 0.117279
9 0.983079 0.728897 0.033841 0.131012
