2 0.094597 0.108151 0.149772 0.141501
7 0.384692 0.109903 0.071387 0.101572
13 0.271489 0.243347 0.122827 0.121186
11 0.092672 0.351574 0.099032 0.122587
9 0.455981 0.371889 0.094287 0.123288
0 0.895777 0.254563 0.168425 0.200023
10 0.675608 0.352036 0.156249 0.135041
13 0.672057 0.075753 0.159293 0.151506
11 0.086485 0.860267 0.108031 0.108695
10 0.459043 0.857346 0.088165 0.081813
9 0.241525 0.700148 0.147157 0.123888
12 0.189845 0.979222 0.118543 0.041557
13 0.396857 0.658657 0.092265 0.108695
4 0.626632 0.694684 0.140523 0.176331
13 0.832475 0.823773 0.165773 0.121399
3 0.974423 0.706769 0.051154 0.107117
1 0.625808 0.916333 0.145463 0.135132
14 0.956309 0.922650 0.087383 0.111511
