12 0.160098 0.673666 0.144091 0.163421
9 0.353729 0.695227 0.121860 0.124145
7 0.493770 0.731482 0.037461 0.150513
0 0.204972 0.905753 0.171811 0.145843
11 0.438674 0.927313 0.110058 0.121399
4 0.069822 0.085266 0.109106 0.113085
1 0.449258 0.061382 0.094494 0.102361
13 0.413214 0.214924 0.143202 0.169627
10 0.402985 0.406486 0.138331 0.106261
14 0.053907 0.386988 0.107814 0.143306
0 0.650004 0.101828 0.146561 0.135956
12 0.984051 0.262777 0.031899 0.177704
11 0.850907 0.035190 0.166871 0.070379
10 0.719030 0.297796 0.139151 0.117005
3 0.857357 0.214987 0.118292 0.113983
2 0.636007 0.629172 0.176752 0.177154
11 0.998597 0.578085 0.002806 0.183746
6 0.878490 0.724478 0.215450 0.215607
0 0.681292 0.897739 0.252502 0.204523
7 0.971426 0.868399 0.057149 0.241424
