0 0.820387 0.920511 0.177575 0.158978
2 0.982033 0.925592 0.035933 0.148816
6 0.939777 0.685702 0.097433 0.100799
4 0.662436 0.648486 0.110333 0.143921
1 0.577491 0.909137 0.081515 0.090088
11 0.207249 0.057001 0.186632 0.114001
9 0.035422 0.241305 0.070844 0.129913
14 0.152221 0.408984 0.188553 0.175781
2 0.200937 0.214801 0.174007 0.195557
0 0.448978 0.263553 0.083295 0.173309
0 0.761516 0.197910 0.167420 0.170013
2 0.576530 0.209308 0.144365 0.109863
5 0.963782 0.211917 0.072437 0.178802
9 0.776748 0.399371 0.178672 0.149964
11 0.884610 0.047662 0.167695 0.095325
8 0.121481 0.648899 0.112254 0.090912
1 0.285470 0.712619 0.094963 0.097504
9 0.453918 0.696139 0.073415 0.095307
0 0.142065 0.918613 0.161108 0.092010
10 0.441912 0.885928 0.087278 0.125519
