9 0.582157 0.638803 0.144640 0.131012
5 0.888316 0.720376 0.151501 0.102448
2 0.610152 0.916974 0.189651 0.166053
10 0.970918 0.945401 0.058165 0.109198
10 0.068768 0.087839 0.137537 0.157929
2 0.395940 0.136590 0.169341 0.196106
0 0.215346 0.239862 0.156716 0.099426
5 0.067396 0.280237 0.134792 0.179077
11 0.340499 0.354669 0.146287 0.119751
10 0.662710 0.127801 0.110333 0.136231
9 0.797470 0.215006 0.065870 0.086518
2 0.928651 0.116952 0.142698 0.160126
11 0.907939 0.353571 0.158363 0.135681
1 0.608231 0.310861 0.134210 0.115631
7 0.106395 0.783270 0.137814 0.121551
5 0.463769 0.844922 0.053712 0.130317
1 0.282749 0.935209 0.057228 0.038569
14 0.289172 0.652662 0.121463 0.097592
8 0.320706 0.791452 0.100440 0.088826
