12 0.080994 0.884436 0.161988 0.231128
13 0.047785 0.632367 0.095569 0.151611
7 0.334760 0.720120 0.211608 0.148590
5 0.486877 0.670132 0.057496 0.142548
0 0.492915 0.911832 0.045420 0.166168
2 0.296610 0.935660 0.168792 0.128680
0 0.124112 0.085248 0.200904 0.166992
1 0.459569 0.123562 0.112113 0.135956
11 0.475075 0.299069 0.081099 0.157379
5 0.342033 0.243725 0.142169 0.133484
2 0.128230 0.312253 0.153148 0.132110
7 0.598786 0.060477 0.160833 0.120953
3 0.681535 0.342328 0.142444 0.154358
11 0.858836 0.218595 0.144091 0.199676
4 0.620743 0.620832 0.145463 0.101623
7 0.841408 0.773679 0.118018 0.079376
8 0.971753 0.921927 0.056494 0.156146
11 0.967636 0.670544 0.064728 0.207092
