12 0.562976 0.681445 0.148756 0.137878
9 0.784464 0.709735 0.136680 0.175781
13 0.973609 0.716052 0.052781 0.112061
3 0.968943 0.920947 0.062113 0.119751
0 0.692658 0.962533 0.192944 0.074933
5 0.236648 0.064691 0.179770 0.129382
7 0.422386 0.386051 0.130228 0.121124
11 0.428973 0.208484 0.117053 0.168091
12 0.198910 0.358310 0.159186 0.181000
13 0.062815 0.170307 0.125630 0.175232
12 0.622808 0.054254 0.169616 0.108508
10 0.582737 0.286212 0.136680 0.143372
11 0.803676 0.193927 0.113077 0.142273
13 0.949045 0.057550 0.101909 0.115100
0 0.957279 0.323291 0.085442 0.164795
12 0.114926 0.883594 0.108686 0.149414
11 0.053346 0.688037 0.106692 0.149414
13 0.250508 0.586414 0.094414 0.102173
8 0.296068 0.905017 0.117469 0.132935
3 0.432679 0.764392 0.109643 0.115356
