7 0.616939 0.071491 0.147110 0.142981
10 0.841720 0.203269 0.126800 0.134857
8 0.985770 0.064429 0.028461 0.125794
6 0.990710 0.298438 0.018581 0.064270
3 0.626133 0.340186 0.144640 0.146667
2 0.157635 0.269186 0.118566 0.166168
0 0.361832 0.075061 0.124056 0.150122
4 0.296511 0.344855 0.098805 0.113708
6 0.428867 0.223731 0.111015 0.131286
3 0.170672 0.104941 0.112254 0.078277
0 0.082111 0.643545 0.164222 0.167816
14 0.080375 0.862036 0.151227 0.143372
2 0.390101 0.913397 0.181692 0.132935
12 0.306529 0.738440 0.182515 0.126343
8 0.464135 0.660162 0.040479 0.189514
5 0.632308 0.602347 0.141072 0.147491
3 0.843504 0.751075 0.207216 0.135681
4 0.997846 0.629126 0.004308 0.197205
9 0.987554 0.926306 0.024893 0.136780
4 0.662773 0.858878 0.155892 0.148590
