3 0.826669 0.088034 0.153697 0.152435
1 0.619864 0.264777 0.118292 0.131286
6 0.857820 0.259832 0.184162 0.144470
10 0.862211 0.433829 0.145189 0.135956
7 0.029162 0.042987 0.058325 0.085974
2 0.459513 0.088306 0.068474 0.176611
11 0.282008 0.180869 0.184985 0.176056
0 0.102854 0.381506 0.205709 0.217529
1 0.463081 0.354178 0.061338 0.180451
6 0.054274 0.618087 0.108547 0.131607
0 0.230805 0.815010 0.117874 0.133557
10 0.361343 0.664393 0.131512 0.146231
4 0.037713 0.920910 0.075426 0.158181
8 0.416870 0.917372 0.131512 0.160854
3 0.807457 0.610572 0.158088 0.137329
7 0.599554 0.806677 0.128721 0.142822
4 0.811710 0.798300 0.184711 0.168365
9 0.988673 0.783881 0.022654 0.141175
6 0.787558 0.968021 0.130368 0.063959
