14 0.843504 0.603391 0.173183 0.133759
0 0.614880 0.807462 0.116096 0.195282
13 0.856953 0.795239 0.141346 0.131836
4 0.998944 0.790021 0.002112 0.121399
8 0.816745 0.940054 0.136680 0.119891
2 0.102409 0.090521 0.204817 0.181041
12 0.065619 0.379169 0.131237 0.133603
6 0.441312 0.138531 0.086126 0.177632
5 0.317463 0.206851 0.152470 0.144231
3 0.394282 0.390935 0.180187 0.178391
4 0.633680 0.080991 0.141621 0.090912
6 0.822508 0.022711 0.093316 0.045422
7 0.839799 0.215985 0.131740 0.169189
11 0.622153 0.342877 0.141620 0.103272
14 0.975478 0.310879 0.049045 0.122223
3 0.427221 0.768872 0.114309 0.146118
4 0.058919 0.585263 0.117839 0.107941
6 0.179729 0.949667 0.169890 0.100665
10 0.159693 0.764615 0.172634 0.163971
11 0.287179 0.596524 0.182241 0.152435
