8 0.651733 0.377298 0.178398 0.154083
1 0.998775 0.118158 0.002450 0.174133
3 0.830954 0.149606 0.159735 0.181549
2 0.633618 0.122141 0.163028 0.175507
14 0.984229 0.400919 0.031542 0.126068
5 0.239773 0.069379 0.179770 0.138757
7 0.425511 0.395426 0.130228 0.121124
11 0.432098 0.217859 0.117053 0.168091
12 0.202035 0.367685 0.159186 0.181000
13 0.064377 0.179682 0.128755 0.175232
0 0.271747 0.935773 0.154246 0.128454
14 0.230853 0.792444 0.104294 0.094483
10 0.050105 0.838037 0.100211 0.142822
3 0.431961 0.777612 0.117328 0.136780
5 0.192154 0.627374 0.116920 0.084045
12 0.859498 0.788050 0.146012 0.132935
1 0.858949 0.619958 0.065870 0.099975
13 0.680002 0.697412 0.105392 0.107666
3 0.654751 0.924280 0.111979 0.113159
5 0.996442 0.908350 0.007116 0.109863
