8 0.450635 0.384781 0.113626 0.132110
12 0.504496 0.144455 0.025384 0.123321
5 0.051585 0.323395 0.103170 0.147217
13 0.308465 0.105316 0.172909 0.159851
14 0.237929 0.287552 0.112528 0.099152
0 0.851066 0.159149 0.139151 0.131836
1 0.999431 0.078675 0.001137 0.115356
9 0.780531 0.365143 0.145738 0.141175
4 0.611601 0.142258 0.158637 0.151886
4 0.194701 0.688553 0.106764 0.098053
11 0.337009 0.782211 0.069712 0.089264
12 0.461475 0.677292 0.081515 0.081574
1 0.190859 0.884796 0.062851 0.070862
8 0.472454 0.883835 0.086454 0.090912
1 0.821013 0.787018 0.085082 0.062622
2 0.861222 0.595718 0.121036 0.109589
4 0.668003 0.917618 0.094688 0.131561
6 0.663474 0.667954 0.111979 0.101349
10 0.989551 0.806519 0.020898 0.104370
