2 0.669868 0.645792 0.204747 0.171112
3 0.729563 0.915506 0.141895 0.159576
11 0.897944 0.800699 0.128995 0.149140
5 0.083628 0.052152 0.138053 0.104303
3 0.452156 0.048169 0.086314 0.096338
9 0.295647 0.163629 0.151501 0.151611
12 0.119856 0.286676 0.181966 0.141175
4 0.452567 0.307688 0.085491 0.170563
7 0.562143 0.034161 0.133113 0.068323
1 0.854991 0.172968 0.195140 0.191711
0 0.660949 0.361520 0.230271 0.203522
1 0.116974 0.633295 0.105941 0.111511
10 0.125483 0.903009 0.113626 0.158203
13 0.293177 0.768289 0.142718 0.090912
12 0.450097 0.905481 0.090431 0.127441
2 0.429446 0.622034 0.128721 0.103821
