1 0.673224 0.084857 0.105941 0.111511
10 0.681733 0.354571 0.113626 0.158203
13 0.849427 0.219852 0.142718 0.090912
12 0.980566 0.357044 0.038869 0.127441
2 0.960668 0.073596 0.078665 0.103821
8 0.059616 0.385333 0.119233 0.118653
12 0.067850 0.110675 0.135700 0.134583
1 0.296258 0.285220 0.170713 0.113983
4 0.454688 0.093234 0.068748 0.132110
14 0.457433 0.381488 0.063260 0.107117
9 0.058244 0.697070 0.116488 0.199951
10 0.230114 0.798968 0.196513 0.197205
2 0.414480 0.689929 0.149165 0.174683
5 0.062635 0.929431 0.125271 0.120850
12 0.432320 0.922015 0.113485 0.133484
11 0.618333 0.886859 0.127349 0.152161
13 0.798241 0.834811 0.108960 0.110687
7 0.948729 0.842639 0.102543 0.137329
12 0.861229 0.619067 0.096610 0.101074
14 0.665539 0.681552 0.126251 0.089813
