11 0.125317 0.587543 0.153697 0.102722
7 0.307831 0.717182 0.163028 0.108215
13 0.464752 0.608142 0.107996 0.143921
10 0.061835 0.832263 0.123670 0.142822
0 0.451852 0.877307 0.133795 0.137329
2 0.113926 0.107303 0.156167 0.130463
7 0.080992 0.369464 0.088101 0.134033
9 0.303440 0.045480 0.115273 0.090960
11 0.479984 0.296954 0.077531 0.148315
6 0.300147 0.323459 0.156990 0.145843
2 0.633748 0.073770 0.223409 0.147540
0 0.991430 0.085031 0.017141 0.170062
9 0.909991 0.249164 0.133113 0.167542
13 0.605616 0.353809 0.166597 0.158753
4 0.758764 0.669803 0.106764 0.098053
11 0.901071 0.763461 0.069712 0.089264
12 0.992390 0.658542 0.015219 0.081574
1 0.754921 0.866046 0.062851 0.070862
8 0.996645 0.865085 0.006711 0.090912
