0 0.092139 0.107617 0.116645 0.134583
11 0.164870 0.292737 0.140797 0.184570
12 0.289611 0.053259 0.111979 0.106518
5 0.438435 0.146207 0.154380 0.110687
9 0.364127 0.311414 0.188553 0.150513
7 0.849779 0.239728 0.111705 0.165344
1 0.997278 0.097867 0.005445 0.107941
8 0.636661 0.387631 0.089474 0.119476
13 0.651756 0.137143 0.146561 0.171112
13 0.175257 0.637468 0.166116 0.144974
4 0.332038 0.777610 0.197666 0.143041
0 0.480330 0.699323 0.070589 0.179768
9 0.147571 0.902980 0.150664 0.194040
6 0.495461 0.939385 0.040328 0.121231
5 0.604275 0.617795 0.127349 0.161774
11 0.668087 0.910855 0.173183 0.118927
14 0.859522 0.772565 0.109784 0.142822
2 0.983143 0.642926 0.033714 0.125244
