1 0.615441 0.070160 0.100452 0.092834
5 0.618460 0.359787 0.147110 0.117829
8 0.837753 0.233856 0.109784 0.115906
12 0.982276 0.263931 0.035447 0.162872
6 0.833499 0.037552 0.116096 0.075104
10 0.114417 0.154654 0.101131 0.111379
4 0.316504 0.244318 0.100081 0.120486
9 0.465129 0.329254 0.063493 0.072502
11 0.107768 0.317170 0.118628 0.094568
7 0.457878 0.134866 0.065788 0.090714
12 0.144274 0.678157 0.182857 0.141108
8 0.447737 0.716173 0.098276 0.173325
7 0.133972 0.936856 0.169980 0.126289
11 0.452244 0.920747 0.089261 0.158505
7 0.810170 0.817779 0.093590 0.109314
1 0.575645 0.916657 0.057636 0.067566
0 0.647690 0.679077 0.221488 0.141724
13 0.984609 0.913223 0.030781 0.070587
