2 0.301813 0.574637 0.187730 0.161224
11 0.056904 0.686698 0.113809 0.184845
8 0.497981 0.671866 0.010289 0.172760
10 0.431013 0.896536 0.144225 0.182648
0 0.161427 0.919498 0.199531 0.161004
7 0.039613 0.097968 0.079227 0.119751
12 0.461889 0.352851 0.082472 0.191162
6 0.448166 0.090964 0.109917 0.149689
9 0.266682 0.232275 0.154246 0.127991
10 0.054846 0.344885 0.109692 0.144470
7 0.782386 0.045413 0.156167 0.090826
1 0.571328 0.208380 0.127074 0.154358
4 0.801874 0.215247 0.163303 0.192810
8 0.980873 0.226370 0.038254 0.166168
14 0.774153 0.410116 0.161656 0.145294
11 0.883387 0.615149 0.139700 0.120300
3 0.649824 0.797385 0.138602 0.151337
13 0.837965 0.789969 0.163577 0.161224
12 0.994870 0.808645 0.010260 0.129913
8 0.851962 0.942542 0.169615 0.104919
