11 0.583621 0.789381 0.123798 0.132654
10 0.827423 0.621957 0.098688 0.094669
9 0.965245 0.838177 0.069510 0.094669
12 0.751217 0.901582 0.141317 0.098760
13 0.689901 0.669291 0.040877 0.060775
8 0.102385 0.100025 0.163028 0.143372
14 0.256356 0.202747 0.147110 0.132935
13 0.460483 0.133121 0.050909 0.142548
11 0.381509 0.354770 0.117469 0.148041
9 0.121734 0.318103 0.153972 0.137329
13 0.806093 0.036829 0.124879 0.073657
12 0.964320 0.224033 0.071360 0.121674
5 0.623716 0.130237 0.077946 0.096130
9 0.806093 0.232272 0.135308 0.149689
3 0.910525 0.402560 0.157539 0.125519
0 0.138064 0.657031 0.144914 0.155456
3 0.336635 0.767169 0.078770 0.057129
14 0.155218 0.856983 0.150129 0.092834
7 0.426313 0.896259 0.119249 0.155456
6 0.449230 0.641239 0.073414 0.095856
