11 0.649178 0.642786 0.150403 0.102173
6 0.995028 0.889429 0.009944 0.136231
9 0.874234 0.787805 0.104294 0.124145
8 0.875332 0.568078 0.102099 0.095581
14 0.616243 0.916345 0.139425 0.139526
7 0.220202 0.041516 0.099079 0.083032
8 0.078719 0.129175 0.104294 0.113159
2 0.438189 0.235330 0.107996 0.163421
0 0.087639 0.334482 0.129819 0.156830
10 0.241747 0.252222 0.143267 0.134583
9 0.591267 0.074792 0.163028 0.117004
4 0.821950 0.179163 0.150129 0.125794
13 0.970875 0.321436 0.058249 0.132386
0 0.591542 0.318415 0.184985 0.170288
2 0.099440 0.842462 0.160559 0.142822
4 0.083933 0.616968 0.148208 0.148864
12 0.414174 0.667368 0.156027 0.200226
13 0.439150 0.886820 0.106075 0.182098
9 0.311871 0.820215 0.107862 0.107117
