2 0.592883 0.201910 0.174281 0.176880
6 0.831113 0.113196 0.250581 0.163147
7 0.824526 0.258764 0.125428 0.083496
9 0.969282 0.335943 0.061436 0.137878
0 0.720643 0.410788 0.233290 0.179352
8 0.098723 0.339651 0.145189 0.127716
11 0.067956 0.079257 0.135912 0.158514
2 0.322818 0.206854 0.204747 0.169189
9 0.445020 0.396506 0.100586 0.149140
5 0.467662 0.136542 0.055301 0.186218
1 0.130479 0.664846 0.130819 0.136669
10 0.139823 0.869849 0.158133 0.143862
13 0.431136 0.888551 0.128353 0.152494
4 0.429699 0.668442 0.131228 0.143862
4 0.614016 0.642187 0.172634 0.148864
0 0.893003 0.719504 0.161931 0.184845
11 0.961459 0.942493 0.077081 0.115015
9 0.662183 0.893637 0.132838 0.166718
