12 0.965417 0.332703 0.069165 0.180725
6 0.643889 0.310593 0.129819 0.177704
9 0.655553 0.067062 0.143267 0.134125
14 0.848223 0.221741 0.122958 0.121399
4 0.998627 0.112427 0.002745 0.142822
10 0.122832 0.104324 0.116645 0.113434
3 0.285860 0.223389 0.130917 0.104370
1 0.443741 0.121216 0.084393 0.077453
9 0.086329 0.328720 0.085905 0.097504
4 0.445800 0.334900 0.080276 0.086242
3 0.041037 0.656250 0.082075 0.153259
11 0.275431 0.647598 0.185259 0.144196
14 0.468580 0.681656 0.034716 0.096954
7 0.068758 0.917389 0.137516 0.165222
2 0.446211 0.907227 0.079453 0.185547
7 0.552768 0.587860 0.133113 0.120300
2 0.994922 0.638672 0.010156 0.202148
1 0.845616 0.752655 0.195140 0.191711
0 0.651574 0.919724 0.230271 0.160553
