6 0.127026 0.596505 0.136680 0.116180
9 0.084210 0.891488 0.101001 0.130463
11 0.317637 0.756769 0.148482 0.137329
2 0.467147 0.644434 0.090706 0.137329
12 0.490202 0.917307 0.044596 0.061249
5 0.088465 0.046872 0.144640 0.093744
3 0.306248 0.169412 0.226154 0.164520
4 0.485399 0.069394 0.054202 0.138787
12 0.458090 0.317453 0.108819 0.113434
9 0.108637 0.325281 0.163028 0.157105
9 0.633811 0.083032 0.151501 0.143921
12 0.940961 0.081616 0.118079 0.163233
3 0.806719 0.258814 0.153697 0.107666
5 0.604169 0.377191 0.155892 0.109314
8 0.995029 0.329675 0.009942 0.147217
1 0.816326 0.777643 0.085082 0.062622
2 0.856534 0.586343 0.121036 0.109589
4 0.663315 0.908243 0.094688 0.131561
6 0.658787 0.658579 0.111979 0.101349
10 0.987207 0.797144 0.025586 0.104370
