14 0.620391 0.101181 0.108960 0.122772
2 0.792477 0.221619 0.145189 0.186218
13 0.938848 0.277100 0.122303 0.147217
3 0.952159 0.098297 0.095681 0.125794
12 0.636996 0.351257 0.149854 0.158753
1 0.230388 0.232330 0.085082 0.062622
2 0.270597 0.047913 0.121036 0.095825
4 0.077378 0.362930 0.094688 0.131561
6 0.072849 0.113266 0.111979 0.101349
10 0.438770 0.251831 0.100586 0.104370
0 0.453727 0.935867 0.070670 0.098053
3 0.092140 0.614380 0.184279 0.143372
11 0.042325 0.917740 0.084651 0.149689
4 0.250836 0.799225 0.123232 0.159302
5 0.447827 0.709824 0.082471 0.129364
0 0.897183 0.573593 0.200904 0.106842
5 0.607080 0.684967 0.206942 0.182373
6 0.998406 0.778488 0.003188 0.173859
7 0.877147 0.882034 0.138876 0.162323
8 0.673499 0.917740 0.167420 0.129913
