12 0.110780 0.063516 0.185259 0.127032
8 0.490561 0.082193 0.040754 0.164386
10 0.330621 0.223026 0.138602 0.150238
14 0.100762 0.401828 0.181143 0.179901
0 0.494815 0.400317 0.032245 0.138977
1 0.665869 0.072305 0.145189 0.144611
13 0.958019 0.354449 0.083962 0.139526
11 0.661890 0.376560 0.103197 0.101898
4 0.820802 0.219592 0.147659 0.127442
10 0.130579 0.669305 0.159920 0.130993
2 0.357687 0.815533 0.137524 0.155161
7 0.087186 0.942529 0.091333 0.114942
6 0.497738 0.746184 0.026400 0.150958
5 0.393555 0.630427 0.100081 0.095968
1 0.838778 0.585849 0.138053 0.151337
4 0.828761 0.945291 0.158088 0.109418
9 0.603293 0.771243 0.134759 0.166168
12 0.829172 0.790470 0.177026 0.159576
