1 0.276784 0.905704 0.132015 0.090912
10 0.150533 0.657001 0.116096 0.134033
12 0.099895 0.828799 0.109784 0.131561
0 0.460876 0.784030 0.081373 0.133759
5 0.313973 0.736652 0.083984 0.136231
12 0.149161 0.122104 0.144091 0.163421
9 0.342792 0.143664 0.121860 0.124145
7 0.482832 0.179919 0.037461 0.150513
0 0.194034 0.354190 0.171811 0.145843
11 0.427736 0.375751 0.110058 0.121399
5 0.673099 0.100955 0.121311 0.074982
14 0.870709 0.190356 0.099354 0.088989
8 0.994089 0.305438 0.011822 0.110413
13 0.978857 0.081455 0.042287 0.120026
6 0.707269 0.343066 0.079868 0.081848
2 0.816641 0.768237 0.178947 0.193359
9 0.665689 0.676501 0.111979 0.130737
13 0.841891 0.581470 0.126251 0.105469
5 0.986542 0.755603 0.026917 0.159302
10 0.645379 0.899524 0.106490 0.139526
