7 0.277059 0.065613 0.107313 0.115906
9 0.283646 0.224503 0.126525 0.128815
12 0.234518 0.398087 0.147385 0.156281
3 0.092073 0.152542 0.138053 0.128815
14 0.467188 0.133865 0.068749 0.126068
8 0.658859 0.083486 0.137524 0.115232
1 0.875993 0.195916 0.086784 0.077405
13 0.650809 0.360533 0.108130 0.090014
7 0.953044 0.077882 0.093913 0.096319
7 0.038009 0.577988 0.076018 0.120026
11 0.471579 0.633743 0.059966 0.212860
1 0.310542 0.744156 0.148482 0.186493
0 0.106486 0.911285 0.212973 0.177429
2 0.444820 0.901260 0.113486 0.197479
7 0.645653 0.630448 0.182241 0.190887
2 0.857810 0.802658 0.186632 0.178802
0 0.596388 0.925430 0.171536 0.149140
