2 0.651034 0.961483 0.186865 0.077033
4 0.957092 0.907370 0.085815 0.185260
14 0.654008 0.719297 0.144523 0.116633
13 0.814103 0.802831 0.107780 0.071451
4 0.492775 0.279157 0.005074 0.127991
2 0.227307 0.363065 0.104294 0.109588
0 0.316231 0.129468 0.108137 0.121399
6 0.132070 0.217221 0.073555 0.088715
3 0.441110 0.177670 0.046109 0.050812
10 0.701670 0.137065 0.151308 0.159794
6 0.891610 0.224694 0.115251 0.154639
4 0.998119 0.151240 0.003763 0.140464
13 0.751248 0.400274 0.117827 0.092139
7 0.984919 0.349050 0.030161 0.141753
1 0.327896 0.619183 0.189102 0.175781
7 0.041333 0.639371 0.082667 0.126618
10 0.196979 0.796613 0.150129 0.144470
12 0.446529 0.818173 0.097567 0.154632
14 0.220857 0.951590 0.155618 0.096820
