7 0.252357 0.258404 0.093590 0.109314
1 0.023325 0.357282 0.046651 0.067566
0 0.100311 0.119702 0.200622 0.141724
8 0.488047 0.098554 0.027031 0.134033
13 0.445713 0.353848 0.068615 0.070587
4 0.836677 0.181912 0.122958 0.132660
0 0.601054 0.083746 0.172634 0.167493
9 0.601466 0.313885 0.164675 0.193359
13 0.986267 0.329953 0.027467 0.125519
14 0.125969 0.661465 0.105392 0.133209
11 0.273216 0.744138 0.114449 0.105743
0 0.429383 0.655697 0.090297 0.098053
13 0.411680 0.883664 0.115822 0.122223
10 0.139967 0.907971 0.143267 0.104919
8 0.694919 0.655149 0.112254 0.090912
1 0.858908 0.718869 0.094963 0.097504
9 0.995324 0.702389 0.009352 0.095307
0 0.715503 0.924863 0.161108 0.092010
10 0.985855 0.892178 0.028290 0.125519
