7 0.134150 0.664895 0.076025 0.062348
2 0.290179 0.736582 0.076299 0.129913
6 0.458078 0.679452 0.083844 0.129364
9 0.441611 0.893411 0.116779 0.123871
4 0.161596 0.892175 0.133661 0.125244
3 0.175456 0.036023 0.129544 0.072046
7 0.245991 0.400949 0.208589 0.139801
10 0.454236 0.210199 0.091529 0.154358
12 0.060831 0.178751 0.121662 0.160675
14 0.244894 0.205118 0.132838 0.127167
9 0.638327 0.069574 0.185534 0.138977
0 0.956667 0.073144 0.086666 0.140625
2 0.795317 0.239313 0.178947 0.181824
6 0.606764 0.314844 0.163028 0.132935
7 0.963254 0.343408 0.073491 0.115356
10 0.599903 0.657480 0.173458 0.145294
5 0.850621 0.729715 0.143542 0.096954
0 0.986721 0.661462 0.026559 0.192261
13 0.579456 0.928372 0.145189 0.143256
9 0.979447 0.918896 0.041105 0.162207
