3 0.139437 0.587146 0.218269 0.191366
11 0.453202 0.619362 0.109221 0.129510
14 0.342253 0.806540 0.150020 0.167526
10 0.129779 0.931298 0.153883 0.137403
6 0.479600 0.945151 0.056424 0.109697
11 0.073520 0.251465 0.147040 0.131286
12 0.290170 0.239517 0.134759 0.136505
6 0.459852 0.234299 0.095920 0.140900
3 0.305128 0.076233 0.182790 0.120300
5 0.295934 0.379593 0.117194 0.127716
4 0.653550 0.060913 0.173458 0.121826
7 0.629672 0.349655 0.147659 0.154632
0 0.825910 0.210678 0.159735 0.153534
3 0.924620 0.378769 0.150761 0.141449
13 0.982530 0.125946 0.034939 0.177429
3 0.630907 0.604263 0.141895 0.176605
5 0.846358 0.772354 0.220390 0.200226
9 0.595090 0.943100 0.129544 0.113800
