13 0.096699 0.348218 0.132015 0.118103
14 0.359629 0.242063 0.116096 0.126068
9 0.358532 0.028815 0.109509 0.057629
3 0.502415 0.277631 0.020170 0.131286
12 0.152002 0.087705 0.132838 0.121124
1 0.840341 0.048727 0.138053 0.097455
4 0.830323 0.388180 0.158088 0.123321
9 0.604855 0.207181 0.134759 0.166168
12 0.830735 0.226407 0.177026 0.159576
7 0.288407 0.584836 0.153697 0.112885
1 0.036204 0.767346 0.072409 0.180175
9 0.256022 0.763089 0.182790 0.157929
4 0.458090 0.800030 0.108820 0.159851
5 0.243122 0.956183 0.175654 0.087634
3 0.597033 0.643750 0.148208 0.153259
11 0.864493 0.635098 0.185259 0.144196
7 0.634909 0.910855 0.183339 0.177154
2 0.997774 0.900977 0.004453 0.198047
