5 0.781888 0.564765 0.172360 0.142273
10 0.610626 0.723654 0.085631 0.119476
4 0.658656 0.901083 0.162480 0.150238
8 0.949130 0.736014 0.101741 0.148590
0 0.937465 0.908450 0.125070 0.183099
11 0.078406 0.058124 0.156812 0.116248
5 0.469350 0.052356 0.030050 0.104712
4 0.306392 0.164587 0.154246 0.121948
10 0.079778 0.299170 0.159557 0.148315
14 0.414254 0.323340 0.126251 0.113159
0 0.755266 0.186972 0.167420 0.170013
2 0.570280 0.198371 0.144365 0.109863
5 0.960657 0.200979 0.078687 0.178802
9 0.770498 0.388434 0.178672 0.149964
11 0.878360 0.042194 0.167695 0.084387
8 0.057273 0.921271 0.114545 0.118653
12 0.065506 0.646613 0.131013 0.134583
1 0.291571 0.821158 0.170713 0.113983
4 0.450001 0.629172 0.068748 0.132110
14 0.452745 0.917426 0.063260 0.107117
