6 0.610648 0.614615 0.142169 0.191437
10 0.823079 0.754828 0.110882 0.134583
8 0.603238 0.896414 0.144914 0.116730
11 0.996073 0.933081 0.007855 0.124695
9 0.055774 0.055377 0.111547 0.110754
13 0.455923 0.068012 0.066278 0.136023
6 0.228193 0.217596 0.142169 0.167542
8 0.042600 0.305762 0.085200 0.110962
1 0.472940 0.276923 0.032246 0.141175
2 0.591419 0.112221 0.185815 0.145704
13 0.790181 0.197332 0.119328 0.119785
4 0.580220 0.351092 0.083634 0.100171
10 0.978463 0.347764 0.043074 0.075304
14 0.976013 0.098912 0.047974 0.135897
7 0.205824 0.567099 0.156167 0.156830
1 0.029151 0.763068 0.058302 0.154358
4 0.225311 0.769934 0.163303 0.192810
8 0.437123 0.781058 0.103879 0.166168
14 0.197591 0.946078 0.161656 0.107843
