5 0.985116 0.397348 0.029768 0.123321
6 0.599438 0.071603 0.148208 0.138702
7 0.570895 0.362329 0.144365 0.168640
4 0.888443 0.229120 0.170713 0.200500
7 0.054835 0.072949 0.109670 0.145898
12 0.283128 0.163614 0.209138 0.188690
11 0.469003 0.107447 0.058869 0.157105
6 0.064304 0.356012 0.128608 0.136231
2 0.476963 0.415064 0.042949 0.125244
11 0.047760 0.814381 0.095521 0.132654
10 0.277423 0.646957 0.098688 0.094669
9 0.415820 0.863177 0.070658 0.094669
12 0.201217 0.926582 0.141317 0.098760
13 0.139901 0.694291 0.040877 0.060775
13 0.968511 0.911877 0.062977 0.176245
4 0.967413 0.649759 0.065173 0.161774
5 0.810634 0.800821 0.144640 0.078278
3 0.626335 0.931928 0.083435 0.136145
0 0.661741 0.594003 0.149854 0.112335
