5 0.655911 0.119705 0.121311 0.074982
14 0.853522 0.209106 0.099354 0.088989
8 0.985495 0.324188 0.029009 0.110413
13 0.970263 0.100205 0.059474 0.120026
6 0.690082 0.361816 0.079868 0.081848
11 0.052445 0.390936 0.104891 0.140800
8 0.430583 0.170630 0.107585 0.132394
10 0.416235 0.371673 0.136279 0.137298
6 0.254663 0.283059 0.125276 0.118384
13 0.118714 0.110562 0.177417 0.115232
10 0.110140 0.722797 0.118278 0.097019
5 0.285632 0.753619 0.121427 0.135546
6 0.078821 0.925767 0.082935 0.122587
7 0.447030 0.899673 0.074691 0.106125
4 0.443705 0.708962 0.081339 0.121886
13 0.593472 0.643753 0.125428 0.118927
0 0.851601 0.773941 0.119115 0.129913
7 0.985221 0.903305 0.029558 0.105743
2 0.837054 0.951996 0.165224 0.096008
12 0.578652 0.934830 0.168792 0.130340
