0 0.099262 0.121436 0.144914 0.131836
1 0.322671 0.260413 0.126251 0.132935
11 0.449401 0.315894 0.107447 0.134033
9 0.320476 0.032153 0.108686 0.064307
14 0.121219 0.368078 0.131740 0.110962
7 0.582718 0.093146 0.158637 0.149414
12 0.830280 0.193396 0.167420 0.167542
4 0.995694 0.098621 0.008613 0.197241
9 0.982520 0.371924 0.034961 0.162048
5 0.600832 0.368902 0.194866 0.181824
10 0.284796 0.610190 0.160284 0.157929
6 0.060884 0.811514 0.121768 0.172760
7 0.278346 0.812201 0.184162 0.136231
5 0.455165 0.823599 0.095920 0.145294
1 0.261879 0.962405 0.155069 0.075189
5 0.631297 0.652075 0.143267 0.131836
12 0.789660 0.775396 0.142718 0.167542
3 0.979912 0.628180 0.040176 0.143372
14 0.951917 0.924536 0.096165 0.118653
11 0.607968 0.888281 0.115273 0.186767
