14 0.114372 0.627252 0.228744 0.129089
12 0.507661 0.629038 0.003427 0.173309
13 0.308612 0.795480 0.194866 0.196381
7 0.095160 0.929120 0.190320 0.141760
3 0.485567 0.938440 0.047615 0.091186
5 0.413765 0.124021 0.191220 0.182830
9 0.082125 0.124721 0.108130 0.090364
1 0.443160 0.327516 0.132430 0.083359
10 0.257792 0.245032 0.090633 0.113831
3 0.046574 0.353435 0.093148 0.104374
10 0.885246 0.030316 0.129819 0.060633
4 0.678305 0.117212 0.122134 0.114258
2 0.870014 0.211557 0.158088 0.157379
5 0.618198 0.369623 0.138602 0.119751
9 0.987017 0.318811 0.025966 0.114807
11 0.662111 0.641260 0.166048 0.151062
7 0.840235 0.730387 0.095237 0.105194
6 0.914064 0.893671 0.132015 0.154907
3 0.710690 0.905207 0.155618 0.135132
4 0.980430 0.748925 0.039140 0.126892
