11 0.630493 0.152268 0.163577 0.185394
8 0.820007 0.056152 0.140249 0.112305
2 0.995841 0.118073 0.008319 0.205444
10 0.931754 0.388336 0.136491 0.146667
0 0.655195 0.407974 0.186632 0.191437
13 0.147132 0.079655 0.166116 0.144974
4 0.303913 0.219797 0.197666 0.143041
0 0.452205 0.141511 0.070589 0.179768
9 0.119446 0.345764 0.150664 0.195232
6 0.467336 0.387323 0.040328 0.132732
7 0.216476 0.609436 0.180594 0.185669
9 0.041681 0.790024 0.083363 0.196381
1 0.203027 0.824631 0.160833 0.139801
4 0.431306 0.835480 0.112388 0.171387
14 0.209477 0.958252 0.188553 0.083496
8 0.616089 0.673540 0.097416 0.105286
1 0.972191 0.685239 0.055618 0.089688
0 0.815793 0.835369 0.167556 0.120884
5 0.956604 0.942544 0.086791 0.114913
14 0.560075 0.944006 0.131512 0.111988
