0 0.120754 0.674991 0.149854 0.106842
3 0.338537 0.736102 0.134210 0.133484
4 0.455387 0.870959 0.092352 0.120300
2 0.125695 0.855991 0.125702 0.069488
11 0.084255 0.063867 0.168510 0.127734
0 0.461836 0.081583 0.079452 0.163165
1 0.275412 0.199832 0.112802 0.123871
7 0.066690 0.336475 0.133380 0.193909
2 0.451270 0.347186 0.100586 0.190613
1 0.620129 0.067035 0.100452 0.092834
5 0.623148 0.356662 0.147110 0.117829
8 0.842440 0.230731 0.109784 0.115906
12 0.984620 0.260806 0.030760 0.162872
6 0.838186 0.035989 0.116096 0.071979
4 0.651829 0.636813 0.145738 0.132110
2 0.866593 0.817126 0.166322 0.187866
8 0.637969 0.886203 0.147659 0.154083
0 0.997245 0.932346 0.005510 0.120026
12 0.981326 0.659747 0.037347 0.174683
