12 0.107655 0.069766 0.185259 0.139532
8 0.487436 0.093390 0.040754 0.166992
10 0.327496 0.235526 0.138602 0.150238
14 0.097637 0.414328 0.181143 0.179901
0 0.491690 0.412817 0.032245 0.138977
12 0.711461 0.099982 0.143816 0.138428
11 0.877097 0.174414 0.146836 0.126343
5 0.994744 0.093115 0.010513 0.099426
9 0.975943 0.356238 0.048113 0.087341
1 0.717499 0.369696 0.108686 0.115356
2 0.306500 0.598074 0.187730 0.161224
11 0.059248 0.710135 0.118496 0.184845
8 0.502668 0.695303 0.010289 0.172760
10 0.435700 0.914325 0.144225 0.171350
0 0.166115 0.931217 0.199531 0.137567
14 0.991450 0.656302 0.017099 0.112885
12 0.702953 0.671271 0.143816 0.140625
4 0.903033 0.769598 0.086729 0.109863
3 0.767039 0.907477 0.080417 0.099975
