5 0.788138 0.051544 0.172360 0.103089
10 0.616876 0.190841 0.085631 0.119476
4 0.664906 0.368271 0.162480 0.150238
8 0.952255 0.203201 0.095491 0.148590
0 0.940590 0.384476 0.118820 0.200775
9 0.063279 0.071045 0.126559 0.142090
4 0.260083 0.129593 0.201178 0.185394
12 0.450761 0.077362 0.079727 0.154724
7 0.431001 0.346573 0.119249 0.173309
5 0.062868 0.351654 0.125736 0.182922
11 0.080433 0.653229 0.160866 0.114807
4 0.313191 0.763916 0.163028 0.114258
1 0.473130 0.626587 0.034990 0.118653
14 0.415289 0.918549 0.139974 0.110413
10 0.082080 0.900147 0.164159 0.146118
9 0.706487 0.687424 0.152874 0.102448
11 0.851126 0.906463 0.096884 0.109314
3 0.665181 0.872955 0.104843 0.094483
10 0.984778 0.902206 0.030444 0.151886
