5 0.268001 0.408454 0.149031 0.121399
6 0.055986 0.286093 0.111972 0.133759
8 0.317678 0.104132 0.133661 0.129639
10 0.128713 0.101660 0.166322 0.159302
13 0.472266 0.249152 0.058594 0.151611
9 0.662121 0.097952 0.126251 0.128265
0 0.861378 0.213172 0.091669 0.154358
6 0.990795 0.077215 0.018409 0.098877
13 0.991619 0.339377 0.016763 0.111786
14 0.670217 0.327704 0.085905 0.104370
7 0.033206 0.632849 0.066411 0.145569
6 0.458406 0.633810 0.086314 0.099701
1 0.254416 0.820441 0.116371 0.102722
11 0.083291 0.918356 0.138053 0.119476
8 0.466776 0.880042 0.069572 0.120850
2 0.762710 0.946475 0.151776 0.107050
0 0.917779 0.634909 0.124879 0.107391
4 0.783432 0.705496 0.078495 0.082123
6 0.986404 0.849554 0.027192 0.135681
3 0.657867 0.806021 0.060107 0.050812
