11 0.581630 0.123584 0.113351 0.160400
13 0.808470 0.088709 0.171262 0.177417
4 0.988494 0.180164 0.023013 0.159302
0 0.852246 0.411701 0.234114 0.198303
3 0.575454 0.354022 0.116371 0.137878
0 0.262575 0.379016 0.177575 0.169739
2 0.450783 0.386157 0.089058 0.163696
6 0.381964 0.138827 0.097433 0.100799
4 0.104624 0.101611 0.110333 0.143921
1 0.030218 0.362262 0.060436 0.090088
12 0.296882 0.612888 0.112254 0.103546
3 0.291393 0.809405 0.180319 0.147766
11 0.082914 0.833438 0.165827 0.140900
6 0.271083 0.960184 0.123781 0.079633
5 0.450646 0.813251 0.089333 0.137329
13 0.924429 0.580615 0.135308 0.105469
4 0.689630 0.691577 0.163577 0.104370
5 0.712958 0.898944 0.175105 0.129639
2 0.930857 0.819293 0.138285 0.176880
