11 0.102110 0.299330 0.108031 0.108695
10 0.474668 0.296408 0.088165 0.081813
9 0.257150 0.139210 0.147157 0.123888
12 0.205470 0.435198 0.118543 0.075385
13 0.412482 0.097719 0.092265 0.108695
11 0.645913 0.071972 0.162897 0.143943
0 0.892976 0.218686 0.214047 0.168814
9 0.672633 0.357539 0.203460 0.173325
7 0.044819 0.584735 0.089637 0.120300
2 0.489453 0.635547 0.058593 0.202148
1 0.315928 0.749530 0.195140 0.191711
0 0.121886 0.918161 0.230271 0.163678
11 0.494530 0.935602 0.048439 0.128797
0 0.661331 0.646670 0.199531 0.167816
14 0.677250 0.865161 0.151227 0.143372
2 0.948065 0.916522 0.103870 0.132935
12 0.903404 0.741565 0.182515 0.126343
