0 0.159571 0.075155 0.152325 0.121674
5 0.151062 0.325094 0.089199 0.140350
1 0.319718 0.220724 0.132289 0.111237
12 0.473482 0.347754 0.087412 0.125794
11 0.466483 0.069937 0.101409 0.108490
11 0.678981 0.074039 0.171536 0.148077
1 0.702447 0.333334 0.173458 0.189240
4 0.958811 0.356268 0.082377 0.141724
13 0.980631 0.092047 0.038738 0.149414
0 0.136379 0.679678 0.149854 0.106842
3 0.354162 0.740790 0.134210 0.133484
4 0.471012 0.875647 0.092352 0.120300
2 0.141320 0.860678 0.125702 0.069488
7 0.609818 0.606894 0.122683 0.167816
9 0.873984 0.772925 0.231094 0.219727
5 0.651947 0.948947 0.135033 0.102106
