5 0.674884 0.102370 0.195510 0.152494
7 0.854581 0.136897 0.109256 0.100703
1 0.985512 0.108844 0.028975 0.148178
2 0.736700 0.327514 0.149508 0.179827
1 0.102321 0.105966 0.112131 0.107896
0 0.423823 0.144090 0.139853 0.149616
13 0.156949 0.300899 0.135132 0.169757
4 0.454012 0.367795 0.079475 0.142423
2 0.292438 0.591824 0.187730 0.161224
11 0.052217 0.703885 0.104434 0.184845
8 0.488606 0.689053 0.010289 0.172760
10 0.421638 0.911200 0.144225 0.177600
0 0.152052 0.928092 0.199531 0.143817
5 0.569775 0.824048 0.080691 0.103821
6 0.967265 0.916196 0.065469 0.089813
14 0.970559 0.687680 0.058882 0.104645
3 0.761896 0.704709 0.150952 0.121124
8 0.703985 0.947180 0.076299 0.105640
