2 0.608748 0.087051 0.223409 0.174103
0 0.978930 0.098572 0.042141 0.196106
9 0.884991 0.275726 0.133113 0.167542
13 0.580616 0.380371 0.166597 0.158753
5 0.095925 0.135101 0.153697 0.120300
0 0.264718 0.050919 0.082887 0.085968
12 0.310826 0.228073 0.149305 0.118378
2 0.206258 0.381744 0.140523 0.147217
11 0.452514 0.317063 0.082472 0.107941
1 0.052149 0.656403 0.095786 0.119751
10 0.247426 0.768189 0.110333 0.136780
0 0.413404 0.890823 0.160693 0.111237
14 0.407573 0.652970 0.107313 0.090912
5 0.060794 0.895630 0.102099 0.149964
8 0.617119 0.693756 0.131466 0.155456
4 0.814455 0.789474 0.153423 0.125519
11 0.951896 0.649262 0.096209 0.145020
12 0.578420 0.907715 0.126525 0.124695
7 0.965619 0.927628 0.068763 0.135956
