5 0.653738 0.141351 0.153697 0.120300
0 0.822530 0.057169 0.082887 0.085968
12 0.868639 0.234323 0.149305 0.118378
2 0.764070 0.387994 0.140523 0.147217
11 0.984545 0.323313 0.030909 0.107941
5 0.107294 0.101114 0.142993 0.142548
6 0.257148 0.388681 0.160010 0.134857
10 0.270597 0.154947 0.116096 0.128815
0 0.452355 0.264810 0.073415 0.144745
12 0.087395 0.281702 0.108686 0.134033
2 0.083220 0.614587 0.166439 0.158203
5 0.107568 0.884989 0.186906 0.138153
6 0.406591 0.689432 0.164126 0.184296
3 0.454276 0.913724 0.069572 0.172553
7 0.813610 0.609918 0.116096 0.097778
14 0.638231 0.748758 0.108960 0.098602
8 0.830763 0.778009 0.096061 0.089539
3 0.982761 0.799158 0.034477 0.080200
13 0.873716 0.950253 0.172634 0.099493
