13 0.142321 0.064722 0.128721 0.124695
4 0.326071 0.195734 0.092767 0.115356
8 0.468994 0.322214 0.074513 0.123321
0 0.451840 0.087106 0.108819 0.133759
7 0.194742 0.336084 0.073830 0.049439
0 0.852068 0.235559 0.107039 0.141724
10 0.979691 0.402002 0.040618 0.114807
3 0.597644 0.393625 0.104294 0.064545
11 0.595998 0.131189 0.164675 0.129639
4 0.998217 0.097131 0.003566 0.137329
11 0.308369 0.827997 0.196787 0.091736
10 0.295057 0.726236 0.092767 0.069488
9 0.211622 0.950665 0.128995 0.098669
12 0.476679 0.857797 0.059143 0.093659
13 0.050782 0.830331 0.101564 0.077728
12 0.870320 0.614450 0.112254 0.103546
3 0.864830 0.810968 0.180319 0.147766
11 0.653497 0.835001 0.171536 0.140900
6 0.844520 0.960965 0.123781 0.078070
5 0.989708 0.814813 0.020583 0.137329
