13 0.042400 0.151050 0.084800 0.138977
11 0.254004 0.214633 0.135857 0.140351
4 0.430481 0.345096 0.112254 0.112335
8 0.430892 0.082660 0.135033 0.103821
14 0.046654 0.331088 0.093308 0.118378
10 0.681604 0.167154 0.101131 0.111379
4 0.883691 0.256818 0.100081 0.120486
11 0.674955 0.329670 0.118628 0.094568
7 0.996086 0.147366 0.007829 0.090714
5 0.049399 0.723575 0.098797 0.116730
10 0.215579 0.722202 0.090846 0.118378
2 0.426638 0.693637 0.120487 0.184845
13 0.108541 0.913629 0.171536 0.172742
3 0.350339 0.898944 0.187455 0.173584
9 0.616287 0.697070 0.150403 0.199951
10 0.805114 0.798968 0.196513 0.197205
2 0.957449 0.689929 0.085103 0.174683
5 0.610248 0.929431 0.180045 0.120850
12 0.975289 0.922015 0.049423 0.133484
