5 0.242825 0.577265 0.172360 0.142273
10 0.071563 0.736154 0.085631 0.119476
4 0.119594 0.913583 0.162480 0.150238
8 0.422596 0.748514 0.126800 0.148590
0 0.421840 0.914700 0.171945 0.170599
7 0.041134 0.033063 0.082268 0.066126
11 0.477829 0.084149 0.059966 0.168298
1 0.316792 0.172281 0.148482 0.186493
0 0.109611 0.357675 0.219223 0.213959
2 0.451070 0.333642 0.113486 0.205994
8 0.655334 0.093454 0.122134 0.122772
11 0.855003 0.204416 0.104294 0.135956
0 0.980198 0.070966 0.039605 0.141931
2 0.660000 0.348199 0.161656 0.121948
0 0.722439 0.674219 0.144914 0.155456
3 0.921010 0.784357 0.078770 0.057129
14 0.739593 0.874170 0.150129 0.092834
7 0.975532 0.913446 0.048936 0.155456
6 0.998449 0.658426 0.003102 0.095856
