11 0.060937 0.105334 0.121873 0.147217
5 0.375473 0.246921 0.143816 0.162323
8 0.442304 0.102863 0.101275 0.110962
9 0.054075 0.349094 0.108151 0.137604
12 0.300135 0.421741 0.142444 0.103272
0 0.903529 0.049097 0.135308 0.098193
2 0.621248 0.193500 0.162480 0.230713
6 0.850147 0.400043 0.154246 0.145569
9 0.838208 0.194186 0.161108 0.149689
0 0.149457 0.639819 0.151776 0.120850
1 0.308643 0.785388 0.133661 0.110413
12 0.462270 0.913654 0.087961 0.126343
10 0.140949 0.913654 0.112802 0.158203
11 0.477502 0.642291 0.057496 0.140625
13 0.608212 0.642566 0.125977 0.127991
0 0.813644 0.760394 0.110333 0.114258
12 0.614661 0.900522 0.206393 0.198957
2 0.854538 0.945978 0.179496 0.108044
7 0.996433 0.897174 0.007135 0.106567
