7 0.586676 0.611853 0.170987 0.168091
12 0.845628 0.713614 0.209138 0.188690
6 0.612750 0.906012 0.156716 0.136231
5 0.074402 0.048434 0.144640 0.096869
3 0.292185 0.172537 0.226154 0.164520
4 0.471336 0.070956 0.054202 0.141912
12 0.444028 0.320578 0.108819 0.113434
9 0.094575 0.328406 0.163028 0.157105
11 0.937735 0.057639 0.096937 0.099929
10 0.728387 0.079554 0.085841 0.078307
9 0.971203 0.215714 0.057594 0.123888
12 0.778607 0.288470 0.108031 0.109279
13 0.858901 0.160198 0.117959 0.100513
5 0.070342 0.563101 0.140684 0.133209
12 0.473532 0.609930 0.049811 0.165894
9 0.284225 0.747809 0.174007 0.174133
7 0.048934 0.878134 0.097868 0.135956
11 0.449929 0.892416 0.097018 0.173859
