7 0.799201 0.743894 0.080691 0.086518
5 0.996484 0.834943 0.007031 0.150513
1 0.913650 0.719724 0.101001 0.104645
14 0.772029 0.937384 0.128995 0.125232
8 0.632468 0.797177 0.135857 0.177154
2 0.260716 0.050940 0.127074 0.101880
0 0.246856 0.313641 0.187730 0.182373
5 0.426007 0.232480 0.126110 0.165070
1 0.043698 0.108197 0.087396 0.125244
10 0.051932 0.318311 0.103863 0.123047
12 0.699161 0.112729 0.144091 0.163421
9 0.892792 0.134289 0.121860 0.124145
0 0.744034 0.344815 0.171811 0.145843
11 0.961354 0.366376 0.077293 0.121399
6 0.359659 0.571545 0.112528 0.120850
3 0.157108 0.690472 0.114175 0.111511
8 0.138993 0.893170 0.127349 0.135681
1 0.292553 0.819287 0.151776 0.106018
12 0.456061 0.886304 0.066004 0.117005
