9 0.640966 0.607733 0.187181 0.136780
2 0.827872 0.795050 0.220665 0.216980
10 0.608031 0.901618 0.190475 0.121399
12 0.079167 0.063403 0.158333 0.126807
0 0.476910 0.060519 0.039930 0.121039
8 0.304483 0.241751 0.110058 0.165070
14 0.077245 0.373587 0.154491 0.204071
10 0.462501 0.387183 0.068748 0.164795
2 0.594445 0.194098 0.174281 0.176880
6 0.832675 0.105383 0.250581 0.163147
7 0.826088 0.250952 0.125428 0.083496
9 0.970063 0.328131 0.059874 0.137878
0 0.722206 0.402975 0.233290 0.179352
14 0.107696 0.591117 0.119938 0.172760
12 0.107970 0.874975 0.189102 0.185669
9 0.448778 0.914554 0.096194 0.170892
0 0.428742 0.624625 0.136265 0.199676
