13 0.056694 0.634753 0.113388 0.127991
0 0.255831 0.752582 0.110333 0.114258
12 0.080023 0.896615 0.160045 0.206769
2 0.296725 0.942072 0.179496 0.115857
7 0.472995 0.889362 0.075885 0.106567
5 0.497010 0.703693 0.027854 0.112610
0 0.457145 0.141372 0.107585 0.117683
2 0.286825 0.424198 0.125276 0.142552
10 0.131278 0.145750 0.161320 0.168470
5 0.094535 0.401432 0.091333 0.127841
9 0.471317 0.339438 0.079240 0.140450
9 0.723231 0.077060 0.156716 0.140351
8 0.784436 0.340869 0.132015 0.124695
1 0.965704 0.290470 0.068592 0.138153
4 0.965704 0.128146 0.068592 0.109040
10 0.655440 0.614978 0.124330 0.137878
2 0.864029 0.593280 0.156167 0.190064
12 0.874046 0.762881 0.143267 0.111786
0 0.623466 0.891696 0.137229 0.162872
3 0.989033 0.844730 0.021934 0.139801
