10 0.696983 0.688628 0.151308 0.159794
6 0.886922 0.776256 0.115251 0.154639
4 0.995775 0.702803 0.008450 0.140464
13 0.746560 0.951836 0.117827 0.092139
7 0.982576 0.900612 0.034849 0.141753
8 0.070157 0.074997 0.118292 0.117279
2 0.277648 0.083298 0.173732 0.166595
14 0.035833 0.301453 0.071667 0.130737
5 0.261455 0.358032 0.146836 0.140625
9 0.449938 0.285248 0.081374 0.139526
8 0.620307 0.124298 0.184162 0.210388
4 0.814623 0.054184 0.177575 0.108368
2 0.956234 0.120590 0.087532 0.160126
0 0.893246 0.330841 0.213509 0.195007
7 0.663808 0.342651 0.113077 0.084045
7 0.445135 0.883728 0.090980 0.219727
10 0.429354 0.591080 0.122542 0.135956
6 0.196820 0.767136 0.197062 0.156281
9 0.048870 0.603165 0.097741 0.144745
12 0.037617 0.914123 0.075235 0.171753
