4 0.162362 0.126498 0.121777 0.159713
8 0.341703 0.215987 0.096232 0.106826
1 0.485429 0.195673 0.066642 0.093517
2 0.476680 0.351183 0.084139 0.154460
14 0.141366 0.369571 0.118278 0.084760
9 0.684935 0.397110 0.157814 0.169464
2 0.886113 0.299744 0.194591 0.141175
6 0.997880 0.291504 0.004240 0.170837
13 0.646099 0.182876 0.110882 0.140351
0 0.858804 0.068344 0.115273 0.073883
11 0.073225 0.714752 0.146450 0.179626
2 0.309616 0.595276 0.195140 0.158753
10 0.507705 0.706100 0.022090 0.191437
8 0.445952 0.930847 0.145597 0.138306
0 0.209713 0.919312 0.242347 0.161377
6 0.631964 0.626999 0.185808 0.185943
11 0.863195 0.768173 0.184436 0.187592
7 0.661331 0.937713 0.202276 0.124573
0 0.993900 0.937576 0.012200 0.124847
