11 0.883999 0.306232 0.113351 0.112061
10 0.956593 0.157229 0.064223 0.060699
12 0.831852 0.165744 0.103471 0.075531
13 0.701484 0.369266 0.095786 0.085418
7 0.254394 0.255832 0.082338 0.127716
6 0.085739 0.209278 0.151227 0.124695
3 0.092326 0.366519 0.156716 0.121674
8 0.355532 0.366519 0.177026 0.088165
10 0.431075 0.221911 0.131600 0.135132
5 0.247807 0.071268 0.165224 0.142536
12 0.083009 0.668643 0.166018 0.124420
4 0.463187 0.644199 0.067376 0.132110
14 0.334673 0.832614 0.136406 0.095307
1 0.479792 0.929294 0.034167 0.101349
7 0.089322 0.924487 0.178643 0.149964
13 0.710189 0.641122 0.165251 0.183745
6 0.982651 0.669765 0.034698 0.143754
11 0.720450 0.884229 0.123128 0.124298
14 0.981200 0.924554 0.037599 0.150891
