6 0.866917 0.575906 0.111156 0.118378
10 0.976068 0.694284 0.047863 0.098602
8 0.718984 0.908106 0.126525 0.131286
2 0.704438 0.644708 0.162754 0.142273
5 0.977166 0.873499 0.045667 0.134583
1 0.315396 0.069943 0.189102 0.139887
7 0.035083 0.072183 0.070167 0.126618
10 0.184479 0.229425 0.150129 0.144470
12 0.434029 0.250986 0.097567 0.154632
14 0.208357 0.393945 0.155618 0.115906
11 0.761937 0.053876 0.186632 0.107751
9 0.557191 0.235055 0.136680 0.129913
14 0.706908 0.402734 0.188553 0.175781
2 0.755625 0.208551 0.174007 0.195557
0 0.981009 0.257303 0.037982 0.173309
5 0.054296 0.651300 0.108591 0.132385
12 0.199437 0.773523 0.150952 0.168091
11 0.415091 0.754571 0.135442 0.147766
14 0.359721 0.923486 0.110333 0.093384
7 0.028222 0.885034 0.056444 0.102173
