7 0.591594 0.631403 0.077672 0.049988
13 0.789616 0.756922 0.120762 0.121399
5 0.956287 0.656808 0.087426 0.101898
2 0.960678 0.853464 0.078644 0.140350
0 0.588164 0.832864 0.125702 0.179352
6 0.137930 0.098792 0.146801 0.153351
7 0.426262 0.127142 0.134976 0.125000
4 0.126340 0.358779 0.149376 0.124356
2 0.418536 0.380042 0.150428 0.153995
11 0.595163 0.119440 0.177575 0.179626
2 0.847116 0.039670 0.195140 0.079340
8 0.955327 0.338068 0.089347 0.143372
0 0.747213 0.361688 0.242347 0.236755
6 0.086182 0.628656 0.088650 0.078552
5 0.251132 0.788370 0.134210 0.117279
14 0.045493 0.901117 0.090985 0.100525
12 0.459239 0.882990 0.069023 0.173035
9 0.442908 0.623300 0.101684 0.138153
