4 0.592883 0.635455 0.151227 0.124145
12 0.817115 0.687915 0.200629 0.179077
6 0.608939 0.895694 0.148208 0.133759
7 0.179405 0.325273 0.143653 0.129148
5 0.302035 0.045030 0.105112 0.090060
10 0.405104 0.285243 0.136061 0.119213
13 0.442179 0.080093 0.106268 0.160186
6 0.138236 0.137687 0.153580 0.139667
7 0.577650 0.060510 0.162480 0.121020
14 0.847718 0.079050 0.160833 0.158100
2 0.979711 0.347339 0.040577 0.193909
3 0.561731 0.342258 0.127897 0.107941
0 0.157457 0.607990 0.107313 0.112061
4 0.242814 0.803821 0.176477 0.156555
3 0.414351 0.625842 0.065596 0.090637
11 0.431434 0.904208 0.127758 0.127167
10 0.022396 0.920413 0.044792 0.119476
