2 0.157416 0.658063 0.128721 0.142822
5 0.335266 0.757901 0.119389 0.081024
12 0.463575 0.656964 0.059283 0.076904
8 0.177315 0.864743 0.081789 0.084869
4 0.455820 0.880811 0.100861 0.113708
5 0.073150 0.052451 0.146300 0.104901
11 0.496714 0.070715 0.019071 0.141431
12 0.314818 0.142117 0.172909 0.148041
9 0.110347 0.284802 0.209138 0.132935
7 0.442371 0.319272 0.127757 0.128265
11 0.854264 0.336163 0.081789 0.102722
9 0.782767 0.118497 0.097433 0.096405
12 0.696862 0.220120 0.103471 0.094207
13 0.907509 0.120282 0.063125 0.074158
1 0.661182 0.615353 0.145189 0.149140
13 0.955675 0.899762 0.088649 0.139526
11 0.657202 0.921872 0.103197 0.101898
4 0.816114 0.764905 0.147659 0.127442
