9 0.126530 0.630118 0.103471 0.125519
7 0.298478 0.723227 0.159735 0.166718
1 0.470082 0.662802 0.087960 0.085968
11 0.462397 0.891318 0.103331 0.100250
3 0.137920 0.895300 0.131191 0.116455
12 0.125981 0.090826 0.119389 0.125794
10 0.329080 0.215109 0.135308 0.095856
9 0.494783 0.361227 0.038558 0.167267
6 0.487373 0.087393 0.053379 0.133759
13 0.160014 0.371939 0.156167 0.140900
7 0.699048 0.158942 0.147110 0.132385
13 0.606418 0.371253 0.128721 0.148315
11 0.880877 0.072330 0.162754 0.144660
0 0.846158 0.301764 0.198159 0.126343
8 0.990870 0.301489 0.018260 0.126892
5 0.693010 0.651404 0.170713 0.164246
0 0.902422 0.772803 0.173458 0.153259
4 0.729101 0.888708 0.152325 0.164795
9 0.988812 0.941196 0.022377 0.117609
