7 0.874106 0.755652 0.154795 0.130737
3 0.991121 0.871558 0.017757 0.120850
13 0.859286 0.571631 0.107588 0.123047
4 0.679241 0.658423 0.116371 0.109863
8 0.659480 0.920447 0.116371 0.113159
1 0.177166 0.146053 0.119114 0.148840
10 0.440066 0.141865 0.088618 0.140464
0 0.410449 0.345796 0.147853 0.173325
14 0.133062 0.349017 0.130060 0.138531
7 0.669360 0.151129 0.147110 0.132385
13 0.576730 0.363440 0.128721 0.148315
11 0.851189 0.068424 0.162754 0.136847
0 0.816470 0.293951 0.198159 0.126343
8 0.976026 0.293677 0.047948 0.126892
7 0.022043 0.787933 0.044085 0.086488
5 0.185110 0.928476 0.094017 0.124473
1 0.450219 0.837313 0.068311 0.067204
14 0.247301 0.622554 0.102776 0.098176
8 0.187446 0.733293 0.049636 0.081229
