13 0.095136 0.359155 0.132015 0.118103
14 0.358067 0.253000 0.116096 0.126068
9 0.356969 0.034283 0.109509 0.068567
3 0.500853 0.288568 0.020170 0.131286
12 0.150439 0.098642 0.132838 0.121124
10 0.699202 0.158735 0.118278 0.097019
5 0.874695 0.189557 0.121427 0.135546
6 0.667883 0.361704 0.082935 0.122587
7 0.999373 0.335611 0.001253 0.106125
4 0.996049 0.144900 0.007902 0.121886
11 0.069319 0.713190 0.138638 0.179626
2 0.301803 0.593714 0.195140 0.158753
10 0.499892 0.704538 0.022090 0.191437
8 0.438139 0.930066 0.145597 0.139868
0 0.201900 0.918530 0.242347 0.162939
11 0.678494 0.853678 0.162205 0.187591
7 0.858265 0.918909 0.125428 0.130737
2 0.949511 0.728708 0.100978 0.152435
8 0.624015 0.668283 0.156990 0.099701
10 0.833015 0.600031 0.123232 0.082397
