10 0.111148 0.684051 0.110333 0.136231
9 0.245907 0.771256 0.065870 0.086518
2 0.398095 0.673202 0.184711 0.160126
11 0.356377 0.909821 0.158363 0.135681
1 0.061887 0.867111 0.123773 0.115631
2 0.101268 0.092911 0.187181 0.185821
11 0.216266 0.264237 0.114175 0.134308
1 0.459092 0.319855 0.084942 0.156555
0 0.904615 0.020538 0.190769 0.041076
5 0.619580 0.099029 0.206942 0.182373
7 0.889647 0.296097 0.138876 0.162323
8 0.685999 0.331803 0.167420 0.129913
13 0.930679 0.552490 0.135308 0.105469
4 0.695880 0.663452 0.163577 0.104370
5 0.719208 0.870819 0.175105 0.129639
2 0.933982 0.791168 0.132035 0.176880
