10 0.147305 0.666946 0.176418 0.172036
0 0.298290 0.786791 0.122978 0.163015
8 0.467830 0.675322 0.070589 0.146263
12 0.156963 0.952191 0.133923 0.095619
6 0.469118 0.955735 0.068014 0.088531
2 0.083664 0.076895 0.167328 0.153790
0 0.453930 0.088156 0.098391 0.176312
9 0.331866 0.255414 0.133113 0.167542
13 0.055395 0.360059 0.110789 0.158753
1 0.486179 0.350033 0.033893 0.135407
1 0.773741 0.241269 0.144365 0.137604
4 0.977442 0.250333 0.045116 0.164520
7 0.797344 0.056433 0.164675 0.112866
9 0.577915 0.194989 0.116645 0.171387
14 0.774976 0.413754 0.139151 0.147491
5 0.682072 0.645154 0.170713 0.164246
0 0.891484 0.766553 0.173458 0.153259
4 0.718163 0.882458 0.152325 0.164795
9 0.983343 0.938071 0.033314 0.123859
