0 0.292017 0.785315 0.147110 0.172486
2 0.449485 0.867163 0.104154 0.153809
9 0.100993 0.894080 0.105392 0.115356
8 0.087819 0.669958 0.127349 0.130737
4 0.319462 0.565039 0.125154 0.105469
7 0.444545 0.314963 0.114034 0.123871
3 0.320286 0.059668 0.076848 0.101075
8 0.137222 0.282965 0.136131 0.119751
14 0.057633 0.110754 0.115265 0.088989
4 0.312876 0.211279 0.120762 0.131836
7 0.654024 0.110754 0.113351 0.148315
3 0.842714 0.214575 0.114175 0.126343
13 0.979405 0.097983 0.041189 0.132660
10 0.987639 0.375388 0.024722 0.107391
8 0.672276 0.371405 0.122958 0.094483
7 0.611757 0.812369 0.074927 0.155731
13 0.713307 0.603629 0.074927 0.078278
14 0.815132 0.877737 0.161108 0.100250
8 0.984483 0.867163 0.031035 0.170288
12 0.932199 0.647299 0.135603 0.129913
