13 0.806093 0.594843 0.124879 0.117005
12 0.964320 0.803720 0.071360 0.121674
5 0.623716 0.709925 0.077946 0.096130
9 0.806093 0.811960 0.135308 0.149689
3 0.910525 0.959744 0.157539 0.080512
7 0.224519 0.143717 0.125154 0.096405
2 0.433861 0.143579 0.104154 0.151062
5 0.136006 0.324167 0.178123 0.178253
10 0.409641 0.333642 0.145738 0.153809
7 0.689586 0.381296 0.174007 0.155731
9 0.579116 0.216501 0.153972 0.172760
11 0.766983 0.076151 0.137229 0.129364
4 0.944970 0.156763 0.110060 0.191162
12 0.955537 0.369348 0.088926 0.168640
11 0.074110 0.705393 0.148219 0.185394
8 0.255944 0.607751 0.140249 0.115356
2 0.456778 0.671198 0.058319 0.205444
10 0.373001 0.934064 0.147110 0.131872
0 0.092224 0.932690 0.184448 0.134619
