7 0.871309 0.799426 0.125428 0.125794
8 0.642547 0.810962 0.143816 0.146667
13 0.807909 0.962884 0.141346 0.074231
1 0.993908 0.818378 0.012183 0.121948
4 0.853332 0.651660 0.144365 0.132935
0 0.424471 0.097309 0.116683 0.131343
9 0.276896 0.189074 0.099382 0.080908
6 0.123800 0.335128 0.127026 0.120135
11 0.081282 0.099761 0.146273 0.148155
3 0.469088 0.288895 0.027449 0.120135
8 0.680800 0.139191 0.151308 0.161082
0 0.942291 0.139514 0.115418 0.110180
13 0.679834 0.352787 0.178994 0.169459
11 0.955812 0.347310 0.088375 0.186856
8 0.048902 0.654790 0.097416 0.105286
1 0.424928 0.666489 0.095468 0.089688
0 0.248605 0.816619 0.167556 0.120884
5 0.414417 0.933169 0.136791 0.133663
14 0.029322 0.931653 0.058644 0.124783
