7 0.052893 0.094708 0.105787 0.149414
12 0.274030 0.194958 0.167420 0.167542
4 0.472256 0.099402 0.074238 0.198804
9 0.459082 0.373486 0.100586 0.162048
5 0.071008 0.370465 0.142015 0.181824
12 0.959022 0.110913 0.081956 0.144470
5 0.913378 0.341488 0.120213 0.139801
9 0.804692 0.198529 0.203100 0.136780
14 0.615727 0.372113 0.135857 0.122497
2 0.643860 0.102399 0.149305 0.158203
12 0.095773 0.622035 0.136825 0.156561
10 0.327779 0.773517 0.124227 0.090365
4 0.479728 0.628514 0.059294 0.113480
14 0.138990 0.876140 0.097282 0.075654
5 0.486377 0.885422 0.045996 0.108227
9 0.665833 0.648421 0.154527 0.142397
12 0.721528 0.954204 0.139718 0.091591
