8 0.357138 0.417398 0.132015 0.117829
5 0.242139 0.110605 0.133661 0.136505
6 0.204813 0.267847 0.104020 0.111511
14 0.456904 0.203988 0.077946 0.087616
3 0.049332 0.143426 0.094963 0.128540
7 0.845809 0.064050 0.107313 0.115906
9 0.852396 0.222940 0.126525 0.128815
12 0.803268 0.396524 0.147385 0.156281
3 0.660823 0.150979 0.138053 0.128815
11 0.067756 0.705377 0.135513 0.179626
2 0.298678 0.585901 0.195140 0.158753
10 0.496767 0.696725 0.022090 0.191437
8 0.435014 0.924005 0.145597 0.143372
0 0.198775 0.914624 0.242347 0.170752
11 0.646565 0.682152 0.165473 0.158505
13 0.972175 0.696972 0.055649 0.195876
6 0.637229 0.910889 0.113320 0.146907
9 0.881896 0.854832 0.172555 0.128866
0 0.952216 0.962854 0.095569 0.074291
