1 0.343521 0.605121 0.189102 0.175781
7 0.049146 0.625308 0.098292 0.126618
10 0.212604 0.782550 0.150129 0.144470
12 0.462154 0.804111 0.097567 0.154632
14 0.236482 0.944559 0.155618 0.110883
2 0.209202 0.094684 0.178994 0.189369
4 0.432182 0.069878 0.157511 0.139755
11 0.211133 0.354317 0.178994 0.154639
7 0.462766 0.358505 0.096344 0.115335
3 0.600411 0.058801 0.131740 0.117602
10 0.855109 0.020349 0.118566 0.040698
1 0.987386 0.269763 0.025227 0.121948
9 0.658047 0.281848 0.091120 0.181275
12 0.836994 0.182422 0.203100 0.153809
10 0.661341 0.916034 0.104294 0.126892
13 0.682749 0.638217 0.128446 0.190338
4 0.859363 0.793399 0.122134 0.151337
12 0.989445 0.918329 0.021110 0.163342
