11 0.573817 0.129834 0.113351 0.160400
13 0.800658 0.091834 0.171262 0.183667
4 0.984587 0.186414 0.030825 0.159302
0 0.844434 0.417951 0.234114 0.198303
3 0.567642 0.360272 0.116371 0.137878
5 0.102437 0.122555 0.108411 0.102448
4 0.302107 0.193829 0.104294 0.109863
13 0.452028 0.092343 0.070944 0.096954
12 0.418889 0.348462 0.096335 0.087891
11 0.146351 0.357251 0.119389 0.137329
14 0.096948 0.645093 0.136406 0.094483
8 0.273837 0.744793 0.130642 0.136780
1 0.459576 0.643308 0.055849 0.107941
13 0.438305 0.853146 0.098390 0.129913
10 0.114926 0.908490 0.111430 0.103821
12 0.621161 0.639874 0.180594 0.148865
8 0.857608 0.829251 0.110058 0.165070
14 0.614437 0.929526 0.186357 0.140948
10 0.990626 0.946143 0.018748 0.107715
