11 0.838333 0.070249 0.096335 0.139252
12 0.833942 0.282285 0.130368 0.143646
7 0.977558 0.306455 0.044885 0.168365
9 0.657464 0.372647 0.105666 0.134857
1 0.660484 0.153470 0.097982 0.105743
7 0.116235 0.176129 0.147110 0.132385
13 0.043983 0.388440 0.087966 0.148315
11 0.298064 0.080924 0.162754 0.161847
0 0.263345 0.318951 0.198159 0.126343
8 0.446339 0.318677 0.094823 0.126892
5 0.071292 0.722425 0.142584 0.165894
12 0.273637 0.850415 0.108960 0.114258
4 0.443320 0.845883 0.100860 0.112335
13 0.270344 0.637692 0.130368 0.108490
9 0.095239 0.914136 0.103471 0.116455
1 0.994300 0.856320 0.011401 0.111237
6 0.785500 0.963934 0.197611 0.072131
8 0.699731 0.667768 0.142444 0.127991
9 0.926920 0.646481 0.146160 0.171112
14 0.799223 0.822537 0.138876 0.146393
