5 0.045693 0.074341 0.091387 0.148682
11 0.091524 0.360855 0.173183 0.118927
14 0.282959 0.222565 0.109784 0.142822
4 0.467874 0.380905 0.067377 0.155731
2 0.445643 0.092926 0.111839 0.125244
12 0.659631 0.092300 0.151308 0.162371
2 0.863735 0.190238 0.205392 0.242268
10 0.996737 0.116785 0.006527 0.150773
6 0.685385 0.370651 0.152595 0.141753
11 0.041028 0.689209 0.082055 0.160400
13 0.252220 0.647186 0.171262 0.191711
4 0.461150 0.745789 0.080825 0.159302
0 0.295996 0.939087 0.234114 0.121826
3 0.038695 0.919647 0.077390 0.137878
4 0.603798 0.681381 0.116645 0.128815
2 0.970760 0.627960 0.058480 0.164246
1 0.809780 0.812393 0.118566 0.107391
7 0.977210 0.931809 0.045580 0.136383
11 0.612993 0.931809 0.104294 0.136383
