2 0.659420 0.071696 0.134725 0.143392
1 0.614628 0.354943 0.073136 0.093166
13 0.979919 0.097860 0.040161 0.153409
6 0.841211 0.229028 0.129476 0.088613
1 0.259471 0.230493 0.111705 0.142822
2 0.250551 0.409296 0.112528 0.104919
3 0.450836 0.231180 0.092078 0.145294
6 0.053779 0.223764 0.107559 0.168365
13 0.224204 0.053037 0.152599 0.106073
1 0.115106 0.600595 0.144091 0.149140
2 0.143650 0.875897 0.155069 0.248206
4 0.428056 0.661844 0.137638 0.166168
3 0.450287 0.916452 0.093176 0.151337
4 0.616697 0.668078 0.109106 0.113085
1 0.974443 0.644194 0.051114 0.102361
13 0.944244 0.797736 0.111512 0.169627
10 0.940347 0.968084 0.119305 0.063832
14 0.582601 0.949074 0.144176 0.101852
