14 0.727124 0.084906 0.122958 0.139526
0 0.754021 0.341848 0.137229 0.181000
3 0.981442 0.296256 0.037116 0.104645
2 0.919140 0.132147 0.161720 0.138977
1 0.058023 0.049045 0.116045 0.098090
0 0.350570 0.226080 0.175379 0.201050
7 0.475653 0.071567 0.033069 0.143134
2 0.050749 0.341300 0.101499 0.199127
11 0.479633 0.370825 0.025110 0.146118
2 0.100801 0.867594 0.201602 0.195961
7 0.357344 0.772151 0.112621 0.120826
11 0.464589 0.911205 0.055197 0.177589
3 0.102678 0.627973 0.175527 0.159409
1 0.450892 0.655387 0.082592 0.137071
13 0.782976 0.600989 0.162205 0.137329
10 0.979658 0.792975 0.040683 0.162597
1 0.815912 0.788718 0.128172 0.146393
6 0.599089 0.782675 0.140797 0.184296
2 0.815226 0.949634 0.137778 0.100732
