7 0.117332 0.233270 0.137814 0.121551
5 0.474707 0.294922 0.053712 0.130317
1 0.293687 0.385209 0.057228 0.038569
14 0.300110 0.102662 0.121463 0.097592
8 0.331644 0.241452 0.100440 0.088826
2 0.659377 0.083722 0.126800 0.119751
6 0.878943 0.188367 0.126800 0.126343
11 0.703976 0.268430 0.114449 0.167816
13 0.998617 0.051337 0.002765 0.102673
7 0.992305 0.333936 0.015390 0.088989
5 0.059142 0.599118 0.118284 0.173309
7 0.249475 0.739606 0.165773 0.160950
0 0.441663 0.643475 0.119798 0.207092
11 0.438370 0.906744 0.126385 0.186511
12 0.077119 0.901929 0.154238 0.193909
6 0.612581 0.621091 0.185259 0.171112
2 0.994226 0.658994 0.011547 0.196381
11 0.849576 0.760754 0.200355 0.175781
0 0.663768 0.932562 0.260736 0.134876
7 0.963624 0.909079 0.072752 0.181842
