14 0.959032 0.784198 0.081936 0.104919
6 0.798948 0.892688 0.173458 0.177429
7 0.579655 0.934710 0.093865 0.097778
5 0.611356 0.721988 0.172085 0.143097
10 0.818435 0.680652 0.085082 0.137878
11 0.257307 0.219638 0.175105 0.145843
9 0.252367 0.373721 0.141072 0.117279
14 0.260875 0.059900 0.121311 0.119800
10 0.454573 0.188464 0.078355 0.133484
3 0.045493 0.196429 0.090985 0.138428
14 0.852879 0.046854 0.173183 0.093707
0 0.624255 0.230899 0.116096 0.195282
13 0.866328 0.218677 0.141346 0.131836
8 0.826120 0.374408 0.136680 0.141724
7 0.171264 0.795184 0.089748 0.063721
5 0.386165 0.605670 0.105118 0.109314
1 0.458689 0.782688 0.070121 0.068390
14 0.310278 0.850253 0.071359 0.076080
8 0.234390 0.627093 0.132015 0.087891
