11 0.130572 0.091653 0.131740 0.139252
3 0.344512 0.036145 0.086454 0.072290
6 0.343689 0.212777 0.138053 0.136505
10 0.498002 0.310968 0.019620 0.113708
13 0.142785 0.329645 0.123781 0.114258
1 0.620890 0.128320 0.106490 0.094483
14 0.662607 0.344202 0.143816 0.117554
0 0.830027 0.253015 0.180045 0.183472
6 0.983628 0.301904 0.032743 0.134033
3 0.825636 0.053613 0.092218 0.092285
7 0.112717 0.919684 0.172555 0.160631
5 0.452880 0.940851 0.109865 0.111469
1 0.321006 0.792655 0.117827 0.143686
8 0.498916 0.682474 0.017793 0.134665
14 0.098230 0.616753 0.188652 0.168170
9 0.622537 0.690820 0.150403 0.199951
10 0.811364 0.792718 0.196513 0.197205
2 0.960574 0.683679 0.078853 0.174683
5 0.616498 0.923181 0.180045 0.120850
12 0.978414 0.915765 0.043173 0.133484
