11 0.651174 0.092822 0.166048 0.151062
7 0.829298 0.181949 0.095237 0.105194
6 0.903127 0.345233 0.132015 0.154907
3 0.699753 0.356769 0.155618 0.135132
4 0.974961 0.200488 0.050078 0.126892
3 0.029036 0.079370 0.058072 0.158740
2 0.294518 0.097360 0.179221 0.194721
1 0.442930 0.340701 0.111015 0.128815
8 0.131215 0.324222 0.119389 0.161224
0 0.360937 0.586658 0.118292 0.108764
10 0.099103 0.715472 0.123781 0.093933
14 0.289578 0.832340 0.100177 0.124969
7 0.434559 0.908282 0.127757 0.170837
11 0.109944 0.910205 0.131191 0.159851
1 0.825180 0.596683 0.146287 0.155731
9 0.593126 0.781390 0.143267 0.175781
12 0.821887 0.798144 0.199531 0.165344
4 0.815438 0.947687 0.169616 0.104626
14 0.997329 0.785648 0.005341 0.179352
