7 0.688837 0.672708 0.076025 0.062348
2 0.844867 0.744394 0.076299 0.129913
6 0.985422 0.687265 0.029156 0.129364
9 0.968954 0.901223 0.062091 0.123871
4 0.716283 0.899988 0.133661 0.125244
10 0.073255 0.066022 0.146510 0.132043
2 0.261097 0.083703 0.144640 0.150513
0 0.429956 0.197687 0.124464 0.108215
7 0.269193 0.316614 0.194866 0.205444
11 0.072132 0.314142 0.135033 0.179627
0 0.825792 0.220483 0.138602 0.152710
4 0.820989 0.408624 0.161931 0.147766
9 0.861334 0.057370 0.146561 0.114740
10 0.621458 0.239435 0.139974 0.156555
13 0.981030 0.214441 0.037939 0.179077
6 0.085855 0.671472 0.159186 0.130188
9 0.313518 0.590036 0.135308 0.107391
8 0.283739 0.777353 0.108686 0.151886
13 0.449579 0.869364 0.085216 0.124969
12 0.116320 0.921842 0.116371 0.156317
