5 0.558838 0.264673 0.080691 0.103821
6 0.961797 0.356821 0.076407 0.089813
14 0.965090 0.128305 0.069820 0.104645
3 0.750958 0.145334 0.150952 0.121124
8 0.693048 0.405984 0.076299 0.141998
10 0.182283 0.152475 0.135857 0.144196
9 0.196006 0.371378 0.204472 0.136505
14 0.436911 0.335123 0.091803 0.112885
8 0.400341 0.150690 0.125154 0.122497
0 0.433744 0.647332 0.098137 0.134846
7 0.033992 0.945569 0.067985 0.108577
13 0.055514 0.667296 0.111027 0.123638
8 0.222831 0.815802 0.117928 0.083009
4 0.431120 0.873943 0.103385 0.122237
1 0.807909 0.800806 0.111705 0.142822
2 0.798989 0.963574 0.112528 0.072851
3 0.976617 0.801492 0.046765 0.145294
6 0.586421 0.794077 0.139151 0.168365
13 0.772641 0.609644 0.152599 0.133484
