5 0.054086 0.161075 0.108172 0.116730
10 0.224954 0.159702 0.090846 0.118378
2 0.436013 0.131137 0.120487 0.184845
13 0.117916 0.370227 0.171536 0.210938
3 0.359714 0.336444 0.187455 0.173584
6 0.716507 0.082529 0.202551 0.165057
5 0.716233 0.346606 0.155892 0.152161
7 0.888181 0.259677 0.091943 0.079376
1 0.982721 0.357181 0.034559 0.098053
4 0.961587 0.126743 0.076825 0.183197
11 0.088942 0.618930 0.177885 0.173859
0 0.471211 0.641452 0.079452 0.199676
1 0.284787 0.777957 0.112802 0.123871
7 0.071377 0.908823 0.142755 0.182355
2 0.460645 0.915003 0.100586 0.169995
9 0.617565 0.643924 0.126525 0.178802
4 0.828212 0.750629 0.151501 0.151611
5 0.987386 0.929422 0.025227 0.141156
7 0.626210 0.933267 0.141072 0.133465
