11 0.808838 0.255420 0.143542 0.148864
12 0.588997 0.252673 0.130368 0.143372
0 0.845204 0.408954 0.120762 0.097229
13 0.785372 0.074420 0.158637 0.138428
5 0.958282 0.239215 0.083437 0.137329
0 0.138064 0.125781 0.144914 0.155456
3 0.336635 0.235919 0.078770 0.057129
14 0.155218 0.325733 0.150129 0.092834
7 0.426313 0.365009 0.119249 0.155456
6 0.449230 0.109989 0.073414 0.095856
7 0.428920 0.904025 0.114034 0.123871
3 0.304661 0.648731 0.076848 0.101075
8 0.121597 0.872027 0.136131 0.119751
14 0.049820 0.699817 0.099640 0.088989
4 0.297251 0.800342 0.120762 0.131836
1 0.834225 0.609729 0.093316 0.115906
2 0.614659 0.664524 0.133936 0.188690
8 0.872787 0.835223 0.141346 0.124145
5 0.600936 0.939859 0.143267 0.120282
9 0.980238 0.639529 0.039523 0.118927
