9 0.619577 0.628949 0.185534 0.138977
0 0.947292 0.632519 0.105416 0.140625
2 0.776567 0.798688 0.178947 0.181824
6 0.588014 0.874219 0.163028 0.132935
7 0.953879 0.902783 0.092241 0.115356
11 0.043771 0.116574 0.087542 0.184296
7 0.240141 0.241269 0.092218 0.101349
2 0.324537 0.078534 0.147933 0.147217
6 0.414078 0.300457 0.134345 0.160400
3 0.059690 0.330395 0.119380 0.132935
12 0.630148 0.061095 0.136825 0.122190
10 0.862154 0.195392 0.124227 0.090365
4 0.992228 0.053565 0.015544 0.107129
14 0.673365 0.298015 0.097282 0.075654
5 0.998877 0.307297 0.002246 0.108227
14 0.277879 0.595578 0.173183 0.133759
0 0.053651 0.799649 0.107303 0.195282
13 0.291328 0.787427 0.141346 0.131836
4 0.456756 0.782208 0.048987 0.121399
8 0.251120 0.936148 0.136680 0.127704
