2 0.754898 0.398981 0.151776 0.112061
0 0.909966 0.084909 0.124879 0.107391
4 0.775619 0.155496 0.078495 0.082123
6 0.982498 0.299554 0.035004 0.135681
3 0.650054 0.256021 0.060107 0.050812
2 0.078976 0.092737 0.157953 0.175232
0 0.444555 0.104822 0.098391 0.196106
9 0.322491 0.281976 0.133113 0.167542
13 0.050707 0.386621 0.101414 0.158753
1 0.476804 0.376596 0.033893 0.135407
5 0.448397 0.953000 0.090705 0.094000
6 0.053177 0.641916 0.106355 0.138702
7 0.037945 0.924161 0.075890 0.151678
4 0.321256 0.799432 0.170713 0.200500
14 0.482430 0.625574 0.022640 0.111511
12 0.581302 0.621179 0.149854 0.167542
0 0.853016 0.651804 0.130642 0.110138
7 0.773698 0.815088 0.164675 0.124695
6 0.964109 0.811243 0.071782 0.156006
2 0.571833 0.880182 0.140797 0.107117
