11 0.832083 0.065250 0.096335 0.130500
12 0.827692 0.272910 0.130368 0.143646
7 0.974433 0.297080 0.051135 0.168365
9 0.651214 0.363272 0.105666 0.134857
1 0.654234 0.144095 0.097982 0.105743
0 0.248724 0.224432 0.144640 0.130188
6 0.462594 0.221411 0.049811 0.158753
9 0.343138 0.061679 0.151776 0.123358
10 0.057188 0.076254 0.114377 0.131012
11 0.239667 0.392386 0.191847 0.172760
2 0.110808 0.662650 0.198708 0.146393
0 0.303342 0.561575 0.106215 0.093109
4 0.441873 0.897070 0.091255 0.139526
1 0.199596 0.931677 0.130917 0.097778
3 0.308556 0.779242 0.134759 0.120300
10 0.831671 0.610190 0.160284 0.157929
6 0.584110 0.811514 0.169067 0.172760
7 0.825221 0.812201 0.184162 0.136231
5 0.977040 0.823599 0.045920 0.145294
1 0.808754 0.962405 0.155069 0.075189
