7 0.866761 0.431803 0.159735 0.118927
1 0.865664 0.088205 0.115822 0.084869
8 0.647194 0.255197 0.119664 0.178253
13 0.847274 0.260141 0.109784 0.128265
6 0.067323 0.075620 0.134646 0.151239
7 0.452261 0.076032 0.092352 0.152063
11 0.287931 0.205758 0.196238 0.208465
2 0.466122 0.337869 0.064632 0.174408
0 0.117549 0.409555 0.235098 0.177154
2 0.081320 0.655237 0.162640 0.175232
0 0.449242 0.667322 0.098391 0.196106
9 0.327178 0.844476 0.133113 0.167542
13 0.053051 0.934873 0.106102 0.130255
1 0.481491 0.935696 0.033893 0.128607
11 0.660231 0.620630 0.171536 0.204895
1 0.683697 0.906857 0.173458 0.186285
4 0.949436 0.930203 0.101127 0.139594
13 0.971256 0.667047 0.057488 0.149414
