6 0.091012 0.131927 0.152921 0.113131
3 0.281201 0.245408 0.084684 0.101923
8 0.488440 0.316158 0.051245 0.138349
11 0.433598 0.094450 0.040942 0.080207
5 0.678875 0.397522 0.135308 0.203797
3 0.713731 0.128494 0.195140 0.179352
10 0.983322 0.398483 0.033355 0.215607
11 0.988263 0.110504 0.023474 0.204346
4 0.286677 0.756912 0.122958 0.132660
0 0.068685 0.637711 0.137371 0.209564
3 0.486413 0.690857 0.055300 0.128540
9 0.066902 0.888885 0.133803 0.193359
13 0.468298 0.904953 0.091529 0.125519
7 0.606693 0.620956 0.122683 0.167816
9 0.870859 0.786987 0.231094 0.219727
5 0.648822 0.955978 0.135033 0.088043
