7 0.807045 0.259967 0.093590 0.109314
1 0.572520 0.358844 0.057636 0.067566
0 0.644565 0.121264 0.221488 0.141724
13 0.983047 0.355411 0.033906 0.070587
2 0.218608 0.072513 0.128995 0.125519
6 0.065665 0.192127 0.131330 0.164246
13 0.107727 0.394824 0.125702 0.166992
3 0.328117 0.356922 0.118566 0.171387
10 0.421708 0.198169 0.121860 0.143372
11 0.080349 0.611118 0.160697 0.173859
0 0.454024 0.633639 0.079452 0.199676
1 0.267599 0.770145 0.112802 0.123871
7 0.062784 0.904916 0.125567 0.190167
2 0.443457 0.911096 0.100586 0.177807
9 0.626314 0.617847 0.153148 0.102173
4 0.871680 0.741992 0.155344 0.117554
10 0.642781 0.873554 0.178398 0.143372
14 0.967540 0.906787 0.064920 0.113159
