2 0.827904 0.582703 0.127074 0.157105
0 0.814044 0.873016 0.187730 0.182373
5 0.965070 0.791855 0.069860 0.165070
1 0.598044 0.667572 0.113077 0.125244
10 0.613963 0.877686 0.114175 0.123047
7 0.251269 0.227707 0.082338 0.127716
6 0.082614 0.181153 0.151227 0.124695
3 0.089201 0.338394 0.156716 0.121674
8 0.352407 0.338394 0.177026 0.088165
10 0.427950 0.193786 0.131600 0.135132
5 0.244682 0.057205 0.165224 0.114411
5 0.948527 0.055500 0.102947 0.111000
0 0.967036 0.269904 0.065929 0.202773
2 0.792818 0.230421 0.163659 0.178401
9 0.605292 0.064206 0.139305 0.120884
3 0.577528 0.345943 0.153918 0.150130
0 0.123782 0.861069 0.152874 0.123321
1 0.041787 0.646698 0.083574 0.079102
4 0.243173 0.621017 0.097433 0.124420
2 0.440438 0.634613 0.106624 0.190613
6 0.447711 0.914490 0.092078 0.137329
