7 0.671554 0.112031 0.138924 0.180028
13 0.992810 0.307996 0.014380 0.132744
14 0.869617 0.235844 0.131925 0.149556
4 0.696399 0.355980 0.131925 0.113831
8 0.084239 0.058212 0.108411 0.116424
13 0.164793 0.333267 0.168518 0.142548
5 0.359521 0.269409 0.136406 0.148315
10 0.421549 0.079071 0.129819 0.132935
8 0.088435 0.932159 0.176869 0.135681
1 0.461275 0.682221 0.055575 0.174133
3 0.266891 0.713669 0.159735 0.181549
2 0.075535 0.686203 0.151070 0.175507
14 0.446729 0.950973 0.084667 0.098053
13 0.682968 0.646927 0.134210 0.129913
11 0.863836 0.728775 0.129819 0.144745
5 0.976861 0.650223 0.046279 0.113434
9 0.965333 0.908814 0.069334 0.089539
0 0.704787 0.897415 0.164675 0.146393
