7 0.050550 0.091583 0.101099 0.149414
12 0.269342 0.191833 0.167420 0.167542
4 0.467569 0.097839 0.074238 0.195679
9 0.454395 0.370361 0.100586 0.162048
5 0.068664 0.367340 0.137328 0.181824
4 0.581262 0.120972 0.149854 0.126892
13 0.820315 0.212158 0.181692 0.212036
12 0.601160 0.361160 0.157814 0.168365
0 0.949680 0.355530 0.100641 0.210388
11 0.085817 0.606430 0.171635 0.173859
0 0.464961 0.628952 0.079452 0.199676
1 0.278537 0.765457 0.112802 0.123871
7 0.068252 0.902100 0.136505 0.193909
2 0.454395 0.908753 0.100586 0.182495
12 0.694613 0.886719 0.108686 0.149414
11 0.627645 0.691162 0.117469 0.149414
13 0.830195 0.589539 0.094414 0.102173
8 0.875756 0.908142 0.117469 0.132935
3 0.978772 0.767517 0.042455 0.115356
