11 0.588244 0.064488 0.151969 0.128975
7 0.774309 0.242548 0.114951 0.110160
8 0.946091 0.090468 0.107818 0.125758
1 0.993338 0.312251 0.013324 0.144281
6 0.603343 0.357095 0.135409 0.144281
8 0.063881 0.096982 0.127763 0.193964
3 0.242349 0.113214 0.132015 0.180725
2 0.061548 0.347772 0.123097 0.140625
1 0.447986 0.371118 0.091529 0.129089
12 0.116235 0.870172 0.147110 0.156006
2 0.311649 0.787363 0.148208 0.118927
11 0.441673 0.688623 0.104154 0.154907
1 0.113765 0.592218 0.122958 0.108764
9 0.482568 0.908624 0.022365 0.123047
10 0.626588 0.628610 0.167969 0.147491
2 0.825159 0.654016 0.144640 0.150513
0 0.965893 0.767999 0.068214 0.108215
7 0.833255 0.886926 0.194866 0.205444
11 0.636194 0.884454 0.135033 0.179627
