8 0.447510 0.934363 0.113626 0.131274
12 0.501371 0.694455 0.025384 0.123321
5 0.050022 0.873395 0.100045 0.147217
13 0.305340 0.655316 0.172909 0.159851
14 0.234804 0.837552 0.112528 0.099152
0 0.293126 0.196225 0.186906 0.158478
8 0.311378 0.395215 0.122409 0.149964
9 0.294224 0.044760 0.172085 0.089521
10 0.052630 0.179333 0.105260 0.178528
13 0.473924 0.190594 0.080276 0.157654
0 0.681070 0.092963 0.227526 0.185925
2 0.700009 0.318173 0.172085 0.163421
12 0.926372 0.137036 0.147255 0.185669
13 0.987988 0.306638 0.024023 0.143097
0 0.784542 0.627575 0.192944 0.194458
6 0.730062 0.893308 0.147659 0.152985
12 0.986067 0.875455 0.027866 0.200226
