8 0.586380 0.574362 0.124879 0.158478
0 0.852193 0.717185 0.169067 0.189240
14 0.612454 0.837348 0.144640 0.134583
5 0.082065 0.049808 0.138053 0.099616
3 0.450593 0.045825 0.086314 0.091650
9 0.294085 0.158942 0.151501 0.151611
12 0.118294 0.281988 0.181966 0.141175
4 0.451005 0.303000 0.085491 0.170563
5 0.805398 0.063129 0.179770 0.126257
7 0.963011 0.382926 0.073978 0.121124
11 0.969598 0.205359 0.060803 0.168091
12 0.767660 0.355185 0.159186 0.181000
13 0.616708 0.167182 0.155344 0.175232
12 0.420984 0.649786 0.067538 0.112430
7 0.466728 0.946097 0.054045 0.102623
1 0.283284 0.821933 0.085384 0.101572
10 0.061076 0.931912 0.108480 0.116983
4 0.110417 0.654339 0.153271 0.111029
