3 0.202312 0.568832 0.140523 0.151337
8 0.046401 0.759033 0.092803 0.133484
10 0.212055 0.945709 0.151776 0.108581
11 0.237443 0.772080 0.188828 0.189789
13 0.471897 0.808059 0.078080 0.206818
1 0.306194 0.200791 0.150678 0.182648
2 0.079611 0.104858 0.159222 0.209717
14 0.484523 0.055496 0.052830 0.106293
9 0.419683 0.360092 0.123507 0.143646
6 0.099116 0.345535 0.113077 0.140900
14 0.629641 0.063934 0.169890 0.127868
9 0.774006 0.349930 0.115547 0.140900
13 0.955961 0.338394 0.088078 0.138702
12 0.807079 0.161240 0.175654 0.157379
7 0.593275 0.589157 0.162480 0.179352
14 0.863343 0.636261 0.160833 0.159302
2 0.987524 0.904098 0.024952 0.191803
3 0.577356 0.900070 0.127897 0.107941
