1 0.265805 0.058368 0.146287 0.116736
9 0.052692 0.223578 0.105384 0.175781
12 0.262512 0.240332 0.199531 0.165344
4 0.256063 0.403891 0.169616 0.132660
14 0.468423 0.227835 0.066279 0.179352
5 0.666238 0.144476 0.153697 0.120300
0 0.835030 0.060294 0.082887 0.085968
12 0.881139 0.237448 0.149305 0.118378
2 0.776570 0.391119 0.140523 0.147217
11 0.990795 0.326438 0.018409 0.107941
11 0.058593 0.680334 0.117186 0.147217
5 0.370786 0.821921 0.143816 0.162323
8 0.437617 0.677863 0.101275 0.110962
9 0.051732 0.924094 0.103463 0.137604
12 0.295447 0.972552 0.142444 0.054895
7 0.703015 0.717002 0.143267 0.146393
6 0.891843 0.824805 0.099903 0.120300
12 0.989835 0.924506 0.020331 0.126892
4 0.719482 0.947440 0.092218 0.078827
3 0.990109 0.692969 0.019781 0.072510
