3 0.576964 0.079999 0.097433 0.110962
6 0.802157 0.226666 0.153697 0.191162
12 0.628837 0.353696 0.138053 0.145843
4 0.965714 0.093182 0.068572 0.115356
8 0.954482 0.342434 0.081789 0.090363
10 0.095292 0.140698 0.154246 0.191162
4 0.302645 0.071073 0.147933 0.126618
8 0.437197 0.162396 0.116230 0.136231
14 0.337502 0.311399 0.229173 0.174408
11 0.121365 0.355344 0.113626 0.157929
11 0.086784 0.679028 0.169616 0.181275
7 0.282336 0.772824 0.163303 0.161774
2 0.460389 0.707318 0.069846 0.221375
1 0.468760 0.943387 0.053105 0.094757
0 0.081844 0.919440 0.157539 0.161120
0 0.706508 0.808118 0.102922 0.079651
5 0.749598 0.932263 0.127623 0.078552
13 0.576964 0.918530 0.160559 0.136780
12 0.634188 0.648816 0.178947 0.181824
6 0.880652 0.699628 0.178947 0.149964
11 0.962695 0.897519 0.074611 0.144745
