10 0.098026 0.603732 0.181295 0.167004
3 0.141643 0.859552 0.150194 0.167004
14 0.336592 0.831465 0.131989 0.126012
12 0.461200 0.860311 0.083850 0.179150
6 0.425927 0.640549 0.154396 0.170800
1 0.031928 0.204019 0.063857 0.140350
4 0.240471 0.209238 0.155069 0.186493
7 0.217554 0.042203 0.130093 0.084405
8 0.452558 0.221048 0.101135 0.159576
14 0.212339 0.401499 0.155344 0.134857
3 0.817243 0.177927 0.150678 0.132110
10 0.986636 0.066141 0.026727 0.122223
5 0.964131 0.332422 0.071738 0.182373
2 0.624573 0.303445 0.142993 0.182648
11 0.615516 0.063257 0.098530 0.097229
7 0.783759 0.844934 0.147933 0.140625
11 0.916924 0.722162 0.166152 0.153809
14 0.618672 0.657068 0.166322 0.163147
4 0.966875 0.945264 0.066249 0.109472
