11 0.680572 0.093216 0.131740 0.139252
3 0.894512 0.036926 0.086454 0.073852
6 0.893689 0.214340 0.138053 0.136505
13 0.692785 0.331207 0.123781 0.114258
7 0.124805 0.263378 0.074162 0.098760
5 0.485099 0.297272 0.020427 0.110447
1 0.298532 0.433141 0.085258 0.068957
14 0.267874 0.166372 0.078834 0.070710
8 0.232545 0.297857 0.092265 0.106941
7 0.449822 0.898651 0.090980 0.202698
10 0.434041 0.614517 0.122542 0.135956
6 0.201507 0.790573 0.197062 0.156281
9 0.051214 0.626602 0.102428 0.144745
12 0.039961 0.925842 0.079922 0.148316
5 0.622112 0.681671 0.162480 0.162048
10 0.817527 0.802795 0.172360 0.186767
0 0.955147 0.658051 0.089706 0.107117
7 0.582590 0.905517 0.132838 0.130737
12 0.967772 0.878876 0.064456 0.156555
