0 0.665790 0.063947 0.214199 0.127893
8 0.997934 0.101015 0.004132 0.169694
5 0.655105 0.317100 0.191173 0.175099
2 0.947711 0.325207 0.104579 0.184826
9 0.062150 0.128320 0.124301 0.199951
10 0.237926 0.230218 0.196513 0.197205
2 0.422292 0.121179 0.149165 0.174683
5 0.066542 0.360681 0.133083 0.120850
12 0.440132 0.353265 0.113485 0.133484
6 0.089307 0.652093 0.088650 0.078552
5 0.254257 0.811807 0.134210 0.117279
14 0.047055 0.924554 0.094110 0.100525
12 0.462364 0.906427 0.069023 0.173035
9 0.446033 0.646738 0.101684 0.138153
10 0.641378 0.624353 0.124330 0.137878
2 0.849966 0.602655 0.156167 0.190064
12 0.859984 0.772256 0.143267 0.111786
0 0.609403 0.901071 0.137229 0.162872
3 0.982002 0.854105 0.035996 0.139801
