4 0.681376 0.673562 0.121427 0.152008
0 0.868066 0.779337 0.143474 0.147805
3 0.635184 0.903675 0.115829 0.090364
14 0.158374 0.081781 0.122958 0.139526
0 0.185271 0.338723 0.137229 0.181000
3 0.440036 0.293131 0.091803 0.104645
2 0.356396 0.129022 0.173732 0.138977
4 0.986688 0.364267 0.026624 0.160675
12 0.978180 0.080029 0.043640 0.160058
10 0.798683 0.247949 0.199531 0.088989
13 0.595858 0.376215 0.145189 0.192810
3 0.590644 0.099634 0.133661 0.148865
7 0.311934 0.808801 0.125428 0.125794
8 0.083172 0.820337 0.143816 0.146667
13 0.248534 0.967572 0.141346 0.064856
1 0.457190 0.827753 0.057496 0.121948
4 0.293957 0.661035 0.144365 0.132935
