8 0.090220 0.698921 0.094648 0.139175
12 0.443379 0.684423 0.137786 0.133376
11 0.146236 0.954486 0.168048 0.091028
1 0.445632 0.934512 0.108813 0.130976
7 0.074639 0.049765 0.149279 0.099530
4 0.267159 0.163388 0.168243 0.168365
9 0.422777 0.324338 0.155618 0.155731
5 0.064073 0.361142 0.128145 0.172210
12 0.579078 0.078879 0.118841 0.157758
11 0.774218 0.209943 0.135857 0.237305
3 0.978984 0.301129 0.042032 0.129639
8 0.983650 0.057508 0.032700 0.104919
9 0.591017 0.343152 0.120762 0.159851
13 0.648790 0.652829 0.144091 0.144745
4 0.832678 0.611630 0.116096 0.089813
11 0.705466 0.888898 0.109784 0.152161
7 0.894705 0.803067 0.132564 0.130463
8 0.970751 0.693478 0.058499 0.117279
