5 0.655036 0.105182 0.134210 0.190613
2 0.832336 0.071948 0.101275 0.118103
1 0.966051 0.257617 0.067898 0.104919
12 0.817927 0.263248 0.137229 0.107391
6 0.681109 0.318317 0.127074 0.099426
8 0.058413 0.100107 0.116825 0.200214
3 0.231411 0.119464 0.132015 0.180725
2 0.056080 0.354022 0.112159 0.140625
1 0.437048 0.377368 0.091529 0.129089
11 0.045395 0.627535 0.090791 0.140381
7 0.200871 0.811298 0.114951 0.110160
8 0.397652 0.659218 0.157814 0.125758
1 0.448025 0.881001 0.069574 0.144281
6 0.048805 0.925845 0.097610 0.144281
9 0.685637 0.667270 0.136131 0.129364
7 0.824239 0.811191 0.191572 0.091461
1 0.657231 0.910068 0.090297 0.097504
6 0.938056 0.617145 0.123888 0.137878
10 0.963992 0.877521 0.072016 0.136231
