5 0.581630 0.363053 0.090846 0.129364
6 0.813685 0.281204 0.130642 0.130463
12 0.973947 0.349182 0.052105 0.121399
10 0.669731 0.109405 0.100177 0.127441
2 0.843875 0.056900 0.132289 0.113800
5 0.071799 0.059372 0.143597 0.118744
3 0.289060 0.194412 0.226154 0.164520
4 0.468211 0.081894 0.054202 0.163787
12 0.440903 0.342453 0.108819 0.113434
9 0.091450 0.350281 0.163028 0.157105
12 0.094057 0.692230 0.095786 0.093933
3 0.310879 0.780533 0.136406 0.149689
5 0.141401 0.921158 0.114724 0.086518
14 0.456821 0.693741 0.076983 0.111786
4 0.413664 0.940796 0.127348 0.114807
0 0.588080 0.628235 0.184985 0.199402
7 0.842365 0.719559 0.129819 0.168365
11 0.616486 0.916565 0.176477 0.166870
2 0.987259 0.881332 0.025482 0.192535
