1 0.780644 0.570376 0.164675 0.146942
5 0.580563 0.724460 0.142718 0.141449
3 0.786407 0.735721 0.147110 0.129913
6 0.772959 0.935770 0.153148 0.128461
10 0.976639 0.783374 0.046721 0.138428
0 0.299109 0.227328 0.147110 0.205719
1 0.460558 0.358753 0.063260 0.085144
6 0.081875 0.097827 0.091394 0.110413
2 0.449305 0.090823 0.085765 0.142548
4 0.087913 0.320026 0.090297 0.112061
7 0.619125 0.369739 0.169890 0.090088
2 0.990362 0.045755 0.019276 0.091510
8 0.962367 0.366305 0.075265 0.127167
1 0.611989 0.102359 0.123232 0.098053
13 0.819617 0.190799 0.125154 0.210113
13 0.088188 0.599353 0.139700 0.149414
12 0.094526 0.916406 0.189051 0.167188
9 0.417742 0.892551 0.148891 0.168365
14 0.429681 0.613910 0.125013 0.188416
