8 0.965261 0.671072 0.069477 0.126598
6 0.741309 0.830877 0.218606 0.160507
3 0.997779 0.879029 0.004442 0.166452
3 0.056830 0.124216 0.113659 0.111237
10 0.216444 0.280496 0.134210 0.103546
12 0.417964 0.335428 0.145322 0.141998
13 0.242929 0.068323 0.095512 0.111511
6 0.429699 0.146463 0.104020 0.124969
6 0.680551 0.095514 0.132289 0.123047
2 0.846461 0.191370 0.113900 0.130737
5 0.994384 0.289560 0.011232 0.097504
0 0.707447 0.337213 0.165224 0.121948
7 0.106395 0.791083 0.137814 0.121551
5 0.463769 0.852735 0.053712 0.130317
1 0.282749 0.943022 0.057228 0.038569
14 0.289172 0.660474 0.121463 0.097592
8 0.320706 0.799264 0.100440 0.088826
