7 0.285177 0.035999 0.139425 0.071997
2 0.426727 0.286231 0.159046 0.134033
14 0.063270 0.096716 0.126540 0.148315
5 0.043509 0.329626 0.087017 0.104370
0 0.180333 0.267554 0.164675 0.169189
2 0.998491 0.068134 0.003018 0.136267
14 0.995472 0.351874 0.009056 0.120300
1 0.609584 0.335943 0.103471 0.106567
10 0.644989 0.109213 0.118292 0.174408
3 0.842874 0.231024 0.158912 0.160400
11 0.330874 0.857794 0.113351 0.112061
10 0.403468 0.708792 0.064223 0.060699
9 0.501792 0.832663 0.008916 0.107391
12 0.278727 0.717307 0.103471 0.075531
13 0.148359 0.920828 0.095786 0.085418
1 0.846579 0.775259 0.137778 0.102448
12 0.616308 0.789953 0.141072 0.179627
6 0.871829 0.924536 0.180045 0.148315
5 0.975986 0.768942 0.048029 0.173859
4 0.842462 0.634222 0.148208 0.131836
