2 0.252578 0.227612 0.178947 0.193359
9 0.101626 0.135876 0.111979 0.130737
13 0.277829 0.046790 0.126251 0.093579
5 0.454510 0.214978 0.090979 0.159302
10 0.081316 0.358899 0.106490 0.139526
13 0.662370 0.089345 0.140674 0.126790
11 0.872506 0.241703 0.106730 0.092466
3 0.657645 0.379701 0.098332 0.092466
2 0.082101 0.659925 0.164203 0.175232
0 0.450805 0.672009 0.098391 0.196106
9 0.328741 0.849164 0.133113 0.167542
13 0.053832 0.937216 0.107664 0.125567
1 0.483054 0.938040 0.033893 0.123920
2 0.604020 0.697003 0.163577 0.123047
7 0.819882 0.672559 0.123781 0.124695
6 0.941435 0.815930 0.117130 0.138428
3 0.606490 0.941724 0.143267 0.113159
0 0.916048 0.965918 0.167905 0.068164
