12 0.108120 0.129730 0.095786 0.093933
3 0.324942 0.218033 0.136406 0.149689
5 0.155464 0.358658 0.114724 0.086518
14 0.470884 0.131241 0.076983 0.111786
4 0.427727 0.378296 0.127348 0.114807
2 0.803869 0.383377 0.104294 0.109588
0 0.892794 0.149780 0.108137 0.121399
6 0.708632 0.237533 0.073555 0.088715
3 0.997309 0.197983 0.005382 0.050812
8 0.092710 0.656411 0.111388 0.135954
1 0.423011 0.707635 0.120402 0.121134
6 0.279430 0.822648 0.138430 0.148840
13 0.091744 0.923808 0.141650 0.119201
14 0.457018 0.927674 0.104714 0.137242
1 0.607564 0.687661 0.147444 0.126289
9 0.864787 0.770457 0.148088 0.147552
12 0.737624 0.951111 0.135855 0.097777
11 0.980361 0.943057 0.039278 0.113885
