9 0.117155 0.075430 0.103471 0.125519
7 0.289103 0.168539 0.159735 0.166718
1 0.460707 0.108115 0.087960 0.085968
11 0.453022 0.336630 0.103331 0.100250
3 0.128545 0.340613 0.131191 0.116455
7 0.674198 0.198106 0.101608 0.136160
1 0.795953 0.347123 0.063651 0.082397
14 0.903692 0.119215 0.064235 0.064866
8 0.943401 0.235799 0.081754 0.087657
12 0.136230 0.718542 0.184985 0.160400
0 0.365540 0.700964 0.194042 0.162048
11 0.468666 0.786795 0.072042 0.129913
7 0.477861 0.929343 0.053654 0.103546
9 0.172459 0.888419 0.157539 0.142548
7 0.795202 0.603873 0.099079 0.105194
8 0.653719 0.702612 0.104294 0.113159
2 0.979596 0.808768 0.040809 0.163421
0 0.662639 0.907919 0.129819 0.156830
10 0.816747 0.825659 0.143267 0.134583
