14 0.653198 0.077905 0.136406 0.094483
8 0.830087 0.177606 0.130642 0.136780
1 0.993951 0.076120 0.012099 0.107941
13 0.972680 0.285959 0.054640 0.129913
10 0.671176 0.341302 0.111430 0.103821
4 0.063944 0.133386 0.127887 0.188965
3 0.426978 0.144647 0.108545 0.110413
0 0.252492 0.263849 0.156990 0.151062
1 0.054612 0.371515 0.109225 0.130188
14 0.383958 0.369867 0.097159 0.098328
7 0.235750 0.600031 0.161382 0.166992
12 0.054612 0.767847 0.109225 0.110962
14 0.082602 0.937894 0.161931 0.124213
2 0.449895 0.721567 0.062710 0.176605
6 0.438367 0.942975 0.085765 0.114050
9 0.579506 0.630243 0.154795 0.127991
2 0.805111 0.770868 0.243719 0.195007
13 0.988461 0.649194 0.023077 0.169189
7 0.976934 0.894464 0.046132 0.142273
3 0.568253 0.877710 0.126800 0.128540
