4 0.055279 0.114194 0.110558 0.128815
2 0.451229 0.071448 0.122543 0.142895
1 0.258217 0.245206 0.118566 0.107391
7 0.457679 0.367017 0.109643 0.141175
11 0.061430 0.366055 0.104294 0.139252
10 0.774471 0.149350 0.135857 0.144196
9 0.788194 0.368253 0.204472 0.136505
14 0.991598 0.331998 0.016803 0.112885
8 0.964976 0.147565 0.070048 0.122497
5 0.261648 0.625745 0.179770 0.160400
7 0.447386 0.951026 0.130228 0.097949
11 0.453973 0.785047 0.117053 0.168091
12 0.223910 0.922186 0.159186 0.155627
13 0.075315 0.746869 0.150630 0.175232
5 0.648906 0.643323 0.142169 0.165344
4 0.965250 0.629452 0.069499 0.146393
8 0.814816 0.814160 0.217646 0.142273
2 0.621186 0.917242 0.103746 0.165515
