6 0.321605 0.571219 0.111156 0.118378
10 0.453412 0.689597 0.093176 0.098602
8 0.173671 0.903418 0.126525 0.131286
2 0.159125 0.640021 0.162754 0.142273
5 0.454510 0.868811 0.090980 0.134583
9 0.242698 0.049197 0.153148 0.098395
13 0.058635 0.211279 0.117271 0.219727
0 0.269183 0.209357 0.196238 0.191711
5 0.237758 0.387198 0.208040 0.162872
10 0.459588 0.232840 0.080825 0.150787
14 0.859129 0.049197 0.173183 0.098395
0 0.630505 0.235587 0.116096 0.195282
13 0.872578 0.223364 0.141346 0.131836
8 0.832370 0.379096 0.136680 0.141724
11 0.611629 0.910089 0.112679 0.112080
10 0.796395 0.824453 0.093782 0.091415
0 0.967484 0.885572 0.065031 0.137298
1 0.613554 0.667892 0.096232 0.092116
4 0.966610 0.713424 0.066781 0.119435
