10 0.079706 0.644089 0.159412 0.157929
2 0.417815 0.692840 0.169341 0.196106
0 0.237221 0.796112 0.156716 0.099426
5 0.078334 0.836487 0.156667 0.179077
11 0.362374 0.910919 0.146287 0.119751
1 0.130731 0.045395 0.144091 0.090790
2 0.159275 0.295410 0.155069 0.255981
4 0.443681 0.080276 0.137638 0.160553
3 0.465912 0.332077 0.093176 0.151337
13 0.611854 0.122925 0.092767 0.138977
11 0.827441 0.186508 0.135857 0.140351
4 0.973896 0.316971 0.052209 0.112335
8 0.968407 0.054535 0.063187 0.103821
14 0.605404 0.302963 0.122683 0.118378
3 0.589348 0.617172 0.146012 0.112885
0 0.810425 0.796662 0.121585 0.115906
11 0.617618 0.899795 0.109784 0.168365
14 0.988442 0.868484 0.023115 0.140350
1 0.985972 0.640106 0.028056 0.129089
