1 0.845163 0.051810 0.093316 0.103620
2 0.625596 0.100461 0.133936 0.188690
8 0.883724 0.271161 0.141346 0.124145
5 0.611873 0.386929 0.143267 0.142548
9 0.985707 0.075467 0.028586 0.118927
10 0.114417 0.165592 0.101131 0.111379
4 0.316504 0.255256 0.100081 0.120486
9 0.465129 0.340191 0.063493 0.072502
11 0.107768 0.328108 0.118628 0.094568
7 0.457878 0.145803 0.065788 0.090714
8 0.113322 0.692212 0.163028 0.143372
14 0.267294 0.794934 0.147110 0.132935
13 0.471420 0.725308 0.050909 0.142548
11 0.392447 0.936468 0.117469 0.127063
9 0.132672 0.910291 0.153972 0.137329
12 0.707740 0.690061 0.164185 0.141753
11 0.985057 0.658489 0.029886 0.180412
7 0.681341 0.943613 0.139718 0.112774
