13 0.274843 0.050110 0.124879 0.100220
12 0.457289 0.250595 0.119798 0.121674
5 0.092466 0.156800 0.077946 0.096130
9 0.274843 0.258835 0.135308 0.149689
3 0.379275 0.429123 0.157539 0.125519
13 0.977886 0.356613 0.044227 0.187591
4 0.976788 0.088821 0.046423 0.161774
5 0.829384 0.239884 0.144640 0.078278
3 0.645085 0.371582 0.083435 0.137329
0 0.680491 0.044617 0.149854 0.089233
10 0.112088 0.620920 0.181295 0.167004
3 0.155705 0.876740 0.150194 0.167004
14 0.350655 0.848653 0.131989 0.126012
12 0.475263 0.877499 0.083850 0.179150
6 0.439990 0.657737 0.154396 0.170800
0 0.621207 0.730835 0.185534 0.171936
4 0.818955 0.920487 0.069438 0.105194
2 0.974319 0.783707 0.051363 0.159576
6 0.922837 0.606278 0.056538 0.087616
3 0.817445 0.681397 0.081789 0.063721
