0 0.819037 0.222870 0.144640 0.130188
9 0.913451 0.060898 0.151776 0.121796
10 0.621701 0.074691 0.125977 0.131012
11 0.809980 0.390823 0.191847 0.172760
11 0.075778 0.098450 0.151557 0.153259
4 0.312938 0.051758 0.150952 0.075806
14 0.058899 0.332596 0.117798 0.121674
0 0.260379 0.297165 0.209412 0.157929
7 0.465330 0.277389 0.059966 0.144745
7 0.053300 0.660813 0.058185 0.072785
11 0.064278 0.869690 0.087827 0.101623
3 0.266142 0.805283 0.106215 0.121674
9 0.455998 0.893722 0.078629 0.171112
10 0.447352 0.649964 0.095920 0.120300
14 0.659027 0.917755 0.117743 0.117005
7 0.648460 0.689240 0.098805 0.136231
1 0.856912 0.764221 0.112254 0.103272
5 0.995492 0.694046 0.009015 0.176605
