7 0.173515 0.360904 0.155344 0.162872
8 0.325154 0.258594 0.078221 0.078003
10 0.475212 0.220279 0.080825 0.129364
4 0.336956 0.053079 0.091943 0.106158
3 0.144834 0.120715 0.156716 0.095032
13 0.867755 0.047861 0.186083 0.095722
12 0.829606 0.432864 0.157539 0.122772
11 0.847308 0.234561 0.191298 0.172760
3 0.605099 0.223300 0.141620 0.167267
7 0.067134 0.633228 0.134268 0.117553
4 0.294552 0.723315 0.176752 0.209839
12 0.480839 0.625812 0.069572 0.195557
9 0.465469 0.890308 0.100311 0.131836
5 0.081955 0.893878 0.163909 0.132935
12 0.700610 0.868610 0.147110 0.156006
2 0.896024 0.785800 0.148208 0.118927
11 0.986986 0.687061 0.026029 0.154907
1 0.698140 0.590656 0.122958 0.108764
