8 0.101046 0.633486 0.137524 0.115232
1 0.318181 0.745916 0.086784 0.077405
13 0.092997 0.910533 0.108130 0.090014
7 0.409339 0.627882 0.122127 0.096319
3 0.499524 0.764304 0.013452 0.153409
0 0.447174 0.379407 0.118151 0.164246
4 0.116796 0.288358 0.174281 0.133209
5 0.320033 0.185498 0.146012 0.131836
6 0.467484 0.201291 0.077531 0.137054
3 0.067112 0.059241 0.134225 0.118482
0 0.829974 0.218182 0.144640 0.130188
9 0.924250 0.058554 0.151500 0.117108
10 0.632638 0.070004 0.125977 0.131012
11 0.820917 0.386136 0.191847 0.172760
7 0.786884 0.849622 0.147933 0.140625
11 0.918486 0.726849 0.163027 0.153809
14 0.621797 0.661755 0.166322 0.163147
4 0.968438 0.947608 0.063124 0.104785
