1 0.674787 0.075482 0.105941 0.111511
10 0.683295 0.345196 0.113626 0.158203
13 0.850989 0.210477 0.142718 0.090912
12 0.981347 0.347669 0.037306 0.127441
2 0.961449 0.064221 0.077102 0.103821
0 0.408083 0.282437 0.165084 0.198578
6 0.236067 0.372662 0.165224 0.135132
10 0.258436 0.126568 0.140249 0.091736
12 0.074275 0.247281 0.101275 0.097504
7 0.041048 0.608456 0.082097 0.167816
13 0.459956 0.615323 0.061338 0.124969
9 0.284922 0.774487 0.231094 0.219727
5 0.065201 0.949728 0.130401 0.100543
3 0.486853 0.881604 0.007544 0.133484
8 0.604388 0.619305 0.123781 0.167542
14 0.861282 0.762952 0.148482 0.152710
0 0.613034 0.957144 0.143267 0.085711
