2 0.080160 0.087000 0.160320 0.173999
11 0.472035 0.063104 0.077806 0.126208
6 0.314428 0.180728 0.215450 0.215607
0 0.121740 0.378207 0.243480 0.252960
7 0.444863 0.324649 0.132149 0.241424
9 0.700314 0.085971 0.076299 0.118378
0 0.887220 0.196659 0.158637 0.105743
7 0.988484 0.351978 0.023031 0.124695
11 0.979839 0.063861 0.040323 0.108764
5 0.696884 0.323962 0.079319 0.137878
7 0.265438 0.590656 0.161382 0.166992
12 0.077022 0.758472 0.123781 0.110962
14 0.112290 0.931506 0.161931 0.130188
2 0.479582 0.712192 0.062710 0.176605
6 0.468055 0.938287 0.085765 0.123425
5 0.826702 0.826999 0.127074 0.086518
0 0.839053 0.967401 0.105666 0.065198
13 0.626622 0.928812 0.158912 0.142377
12 0.647207 0.700381 0.203374 0.129364
6 0.920556 0.662891 0.158889 0.191711
