2 0.107253 0.850274 0.160559 0.142822
4 0.091746 0.624780 0.148208 0.148864
12 0.421986 0.675180 0.156027 0.200226
13 0.446962 0.894632 0.106075 0.182098
9 0.319684 0.828028 0.107862 0.107117
1 0.118231 0.052426 0.144091 0.104853
2 0.146775 0.309472 0.155069 0.255981
4 0.431181 0.091531 0.137638 0.166168
3 0.453412 0.346139 0.093176 0.151337
5 0.579456 0.063654 0.113900 0.113159
9 0.903180 0.033749 0.166322 0.067499
13 0.821391 0.215814 0.104843 0.099426
7 0.659049 0.384317 0.207765 0.191437
3 0.993308 0.305902 0.013384 0.171936
11 0.844583 0.620249 0.096335 0.139252
12 0.840192 0.832285 0.130368 0.143646
7 0.980683 0.856455 0.038635 0.168365
9 0.663714 0.922647 0.105666 0.134857
1 0.666734 0.703470 0.097982 0.105743
