0 0.958419 0.185809 0.083162 0.096680
4 0.864141 0.088306 0.103746 0.094483
3 0.706740 0.298144 0.079319 0.067017
6 0.814190 0.372302 0.070261 0.083496
7 0.323956 0.205598 0.171434 0.165486
8 0.441358 0.346034 0.089160 0.110830
12 0.448943 0.087237 0.073989 0.174475
4 0.081976 0.081165 0.159297 0.162329
6 0.143886 0.309694 0.150448 0.164150
1 0.188387 0.745989 0.122978 0.128222
10 0.449355 0.733425 0.073165 0.153351
13 0.457081 0.929945 0.057712 0.127577
9 0.206415 0.939522 0.160322 0.120957
10 0.613698 0.698596 0.076574 0.109864
3 0.821463 0.755588 0.089199 0.094208
6 0.989158 0.656161 0.021683 0.134857
9 0.967888 0.912555 0.064225 0.159851
13 0.710033 0.946939 0.119938 0.106122
