2 0.485218 0.303345 0.035813 0.109314
0 0.431632 0.181122 0.120213 0.096680
4 0.318829 0.083618 0.103746 0.094483
3 0.161427 0.293457 0.079319 0.067017
6 0.268878 0.367615 0.070261 0.083496
2 0.710204 0.191147 0.172634 0.127716
6 0.902325 0.102020 0.154521 0.175781
9 0.983480 0.350311 0.033040 0.132386
0 0.795149 0.387802 0.233839 0.141998
7 0.232101 0.601624 0.180594 0.185669
9 0.049494 0.782211 0.098988 0.196381
1 0.218652 0.816818 0.160833 0.139801
4 0.446931 0.827668 0.112388 0.171387
14 0.225102 0.954346 0.188553 0.091309
2 0.605481 0.688784 0.185815 0.145704
13 0.804244 0.773895 0.119328 0.119785
4 0.594283 0.927654 0.083634 0.100171
10 0.985494 0.924327 0.029012 0.075304
14 0.983044 0.675475 0.033911 0.135897
