12 0.044459 0.672070 0.088917 0.137878
9 0.236027 0.700360 0.136680 0.175781
13 0.450172 0.706677 0.102781 0.112061
3 0.445506 0.911572 0.112113 0.119751
0 0.144220 0.957846 0.192944 0.084308
11 0.060514 0.056983 0.121029 0.113965
6 0.116226 0.303479 0.144640 0.128540
4 0.254553 0.194165 0.127074 0.087891
13 0.291468 0.023886 0.060381 0.047772
8 0.440703 0.265576 0.121719 0.127441
14 0.688469 0.083340 0.105392 0.133209
11 0.835716 0.166013 0.114449 0.105743
0 0.973367 0.077572 0.053266 0.098053
13 0.958135 0.305539 0.083731 0.122223
10 0.702467 0.329846 0.143267 0.104919
8 0.653750 0.648724 0.132564 0.096130
13 0.826247 0.605740 0.084533 0.079926
14 0.698486 0.894544 0.129270 0.144470
10 0.982836 0.745954 0.034328 0.134033
4 0.853144 0.817090 0.167969 0.188416
