3 0.073095 0.081439 0.141895 0.162879
13 0.480047 0.085699 0.064906 0.137878
5 0.288545 0.242667 0.220390 0.200226
9 0.051025 0.433966 0.102050 0.154907
7 0.487869 0.359671 0.049262 0.227143
4 0.725618 0.106105 0.167404 0.141753
3 0.877892 0.221762 0.130704 0.121778
0 0.966471 0.343863 0.067058 0.188144
14 0.748797 0.376079 0.150663 0.143041
4 0.050751 0.700659 0.101501 0.126892
13 0.265627 0.791846 0.181692 0.212036
9 0.493358 0.707937 0.038284 0.173309
12 0.062690 0.928333 0.125380 0.143335
0 0.428586 0.915012 0.167828 0.169977
12 0.672784 0.848151 0.109784 0.133484
5 0.691859 0.667837 0.142444 0.144745
10 0.854613 0.720023 0.119938 0.127716
0 0.982130 0.800910 0.035741 0.132935
1 0.849123 0.925741 0.133113 0.088165
