12 0.324761 0.085455 0.180594 0.126343
5 0.077847 0.231436 0.155695 0.144745
7 0.294845 0.238440 0.149854 0.115906
9 0.464802 0.262472 0.070396 0.128815
2 0.253402 0.383048 0.166871 0.122223
0 0.670987 0.091498 0.200904 0.166992
1 0.975194 0.129812 0.049613 0.135956
11 0.990700 0.305319 0.018599 0.157379
5 0.888908 0.249975 0.142169 0.133484
2 0.675105 0.318503 0.153148 0.132110
10 0.242287 0.613486 0.130368 0.118378
8 0.045873 0.782675 0.091746 0.183197
2 0.245580 0.798743 0.167695 0.127441
6 0.241051 0.940158 0.207491 0.119684
4 0.452589 0.796957 0.094822 0.168915
13 0.718009 0.657949 0.124577 0.092116
12 0.902425 0.780886 0.102181 0.133445
7 0.675317 0.867748 0.072786 0.073202
