7 0.325123 0.619681 0.122958 0.133759
5 0.143156 0.871268 0.116920 0.124969
11 0.369173 0.857810 0.134759 0.111237
10 0.498099 0.880606 0.041303 0.158478
14 0.130120 0.622702 0.112802 0.123871
0 0.180895 0.053104 0.107313 0.106207
4 0.266251 0.246008 0.176477 0.156555
3 0.437788 0.068030 0.065596 0.090637
11 0.454871 0.346396 0.127758 0.127167
10 0.034115 0.362601 0.068229 0.119476
2 0.681594 0.297281 0.218140 0.195961
7 0.945048 0.201839 0.109904 0.120826
3 0.691740 0.068682 0.175527 0.137365
1 0.999329 0.085074 0.001342 0.137071
11 0.863333 0.615561 0.096335 0.139252
12 0.858942 0.827597 0.130368 0.143646
7 0.990058 0.851767 0.019885 0.168365
9 0.682464 0.917959 0.105666 0.134857
1 0.685484 0.698782 0.097982 0.105743
