2 0.129243 0.634854 0.204747 0.171112
3 0.188938 0.904568 0.141895 0.159576
11 0.357319 0.789762 0.128995 0.149140
7 0.496811 0.798825 0.040754 0.077179
12 0.341949 0.071393 0.180594 0.126343
5 0.089035 0.217373 0.167695 0.144745
7 0.312033 0.224378 0.149854 0.115906
9 0.481990 0.248410 0.070396 0.128815
2 0.270590 0.368985 0.166871 0.122223
7 0.638636 0.046957 0.151776 0.093915
9 0.867534 0.225064 0.184162 0.184296
5 0.597741 0.335065 0.121585 0.188416
2 0.804546 0.617825 0.128995 0.125519
6 0.644399 0.737439 0.145738 0.164246
13 0.693664 0.928320 0.125702 0.143359
3 0.914055 0.902234 0.118566 0.171387
10 0.973358 0.743481 0.053285 0.143372
