7 0.100785 0.653545 0.099032 0.101572
2 0.087838 0.888562 0.126327 0.130993
8 0.279427 0.750214 0.078386 0.156912
9 0.502763 0.631830 0.028849 0.109277
6 0.468217 0.905024 0.088534 0.095968
7 0.051448 0.069427 0.102895 0.138855
12 0.280195 0.153000 0.182790 0.216705
4 0.480617 0.100952 0.073140 0.152161
5 0.444938 0.367096 0.144499 0.165894
9 0.068189 0.344162 0.136379 0.176605
7 0.808663 0.058166 0.180594 0.116333
9 0.601858 0.204086 0.147385 0.196381
1 0.795214 0.238693 0.160833 0.139801
4 0.983650 0.249543 0.032700 0.171387
14 0.801664 0.407471 0.188553 0.153809
0 0.611052 0.598496 0.187181 0.199127
2 0.989551 0.602890 0.020898 0.185394
1 0.860124 0.740219 0.115547 0.115631
11 0.640694 0.874527 0.164675 0.226593
7 0.983924 0.898010 0.032151 0.166992
