8 0.604388 0.600555 0.123781 0.167542
14 0.861282 0.744202 0.148482 0.152710
0 0.613034 0.947769 0.143267 0.104461
11 0.215303 0.374640 0.097521 0.102851
10 0.376182 0.132415 0.059563 0.110447
9 0.102891 0.247538 0.058395 0.108110
12 0.266106 0.072224 0.092849 0.089410
13 0.446834 0.286107 0.087581 0.146679
12 0.680551 0.308594 0.108686 0.149414
11 0.613583 0.113037 0.117469 0.149414
13 0.816133 0.031250 0.094414 0.062500
8 0.861693 0.330017 0.117469 0.132935
3 0.971741 0.189392 0.056518 0.115356
0 0.408083 0.826187 0.165084 0.198578
6 0.236067 0.916412 0.165224 0.135132
10 0.258436 0.670318 0.140249 0.091736
12 0.074275 0.791031 0.101275 0.097504
