4 0.062552 0.242649 0.125105 0.151337
7 0.297877 0.382998 0.172634 0.149140
8 0.289094 0.228229 0.156167 0.109314
2 0.257394 0.073871 0.220665 0.146118
9 0.488555 0.239352 0.047889 0.140900
0 0.717384 0.086093 0.152325 0.121674
5 0.708875 0.336032 0.089199 0.140350
1 0.877530 0.231662 0.132289 0.111237
12 0.993794 0.358691 0.012412 0.125794
11 0.986796 0.080875 0.026409 0.108490
11 0.254924 0.590503 0.203649 0.154358
10 0.046908 0.795947 0.093817 0.135681
3 0.229124 0.792102 0.147659 0.148315
8 0.458639 0.816135 0.107722 0.163421
6 0.260001 0.950433 0.174830 0.099133
3 0.750456 0.602176 0.129544 0.108490
7 0.820991 0.957712 0.208589 0.084576
10 0.991736 0.794574 0.016529 0.154358
12 0.627635 0.763126 0.138053 0.160675
14 0.819894 0.789493 0.132838 0.127167
