12 0.709632 0.087371 0.142937 0.142397
11 0.986808 0.091849 0.026384 0.183698
9 0.735065 0.411469 0.155171 0.157861
8 0.999363 0.370876 0.001274 0.119201
4 0.280424 0.040472 0.103746 0.080945
13 0.092420 0.121594 0.138327 0.110413
8 0.253664 0.253155 0.134210 0.126892
2 0.407154 0.350247 0.160693 0.190338
1 0.073756 0.387464 0.082887 0.088989
10 0.229787 0.630673 0.130368 0.118378
8 0.039623 0.799863 0.079246 0.183197
2 0.233080 0.815930 0.167695 0.127441
6 0.228551 0.948752 0.207491 0.102496
4 0.440089 0.814145 0.094822 0.168915
0 0.656415 0.621611 0.214199 0.162564
8 0.993246 0.676015 0.013507 0.169694
5 0.645730 0.892100 0.191173 0.175099
2 0.943023 0.900207 0.113954 0.184826
