2 0.817506 0.063071 0.152050 0.126142
4 0.949510 0.137677 0.100980 0.143372
6 0.630874 0.130811 0.149854 0.163696
12 0.710878 0.342847 0.134759 0.129639
9 0.952529 0.305218 0.094942 0.128540
9 0.055732 0.134930 0.111464 0.132385
2 0.231676 0.260999 0.245915 0.196655
12 0.398477 0.098126 0.184296 0.154358
6 0.052438 0.352185 0.104876 0.152710
8 0.473130 0.349713 0.034990 0.143372
5 0.076042 0.590039 0.152083 0.157654
11 0.484520 0.642773 0.012210 0.140625
12 0.296586 0.725720 0.133113 0.152161
7 0.045028 0.903561 0.090056 0.132660
9 0.459681 0.906857 0.061887 0.171112
1 0.609191 0.643597 0.100452 0.092834
5 0.612210 0.933224 0.147110 0.117829
8 0.831503 0.807293 0.109784 0.115906
12 0.979151 0.837369 0.041697 0.162872
6 0.827249 0.601575 0.116096 0.093933
