6 0.081152 0.201361 0.162303 0.162048
2 0.288006 0.083515 0.188828 0.167029
10 0.459197 0.222785 0.090980 0.130737
3 0.424275 0.402960 0.100177 0.135681
13 0.163401 0.393759 0.136680 0.147491
13 0.971636 0.350363 0.056727 0.187591
4 0.970538 0.082571 0.058923 0.161774
5 0.816884 0.233634 0.144640 0.078278
3 0.632585 0.365332 0.083435 0.137329
0 0.667991 0.041492 0.149854 0.082983
7 0.040395 0.668280 0.080789 0.119751
12 0.463452 0.913791 0.082472 0.172418
6 0.449729 0.661276 0.109917 0.149689
9 0.268244 0.802588 0.154246 0.127991
10 0.055627 0.915198 0.111254 0.144470
8 0.992084 0.844610 0.015833 0.131286
5 0.689536 0.893088 0.138602 0.124420
1 0.865189 0.772101 0.102922 0.104370
6 0.883852 0.559241 0.101275 0.112610
4 0.673617 0.634497 0.127074 0.130188
