7 0.555831 0.034643 0.120487 0.069287
2 0.993434 0.087378 0.013132 0.174756
11 0.847581 0.172147 0.190200 0.180451
1 0.655047 0.363309 0.152050 0.168915
0 0.986847 0.390225 0.026306 0.165070
3 0.041333 0.081235 0.082667 0.112885
0 0.230737 0.260724 0.121585 0.115906
11 0.046411 0.363858 0.092822 0.168365
14 0.446255 0.332547 0.098115 0.140350
1 0.443785 0.104168 0.103056 0.129089
0 0.078660 0.631100 0.157320 0.161774
11 0.411536 0.664334 0.167554 0.169464
3 0.465879 0.836820 0.058868 0.167816
9 0.318839 0.868131 0.175928 0.145843
5 0.116151 0.900266 0.166871 0.159576
7 0.624034 0.691663 0.055440 0.073608
9 0.995767 0.639615 0.008466 0.113983
11 0.619642 0.920728 0.114175 0.106567
3 0.985749 0.883649 0.028502 0.112061
10 0.835916 0.795346 0.148757 0.123871
