5 0.627527 0.059372 0.144640 0.118744
3 0.845310 0.194412 0.226154 0.164520
4 0.998680 0.081894 0.002640 0.163787
12 0.971372 0.342453 0.057257 0.113434
9 0.647700 0.350281 0.163028 0.157105
13 0.054813 0.088394 0.109627 0.144745
12 0.060851 0.396012 0.121702 0.159027
11 0.290906 0.355636 0.194591 0.213410
7 0.456335 0.365524 0.065456 0.159027
6 0.344701 0.095261 0.173732 0.183746
5 0.487760 0.160080 0.002604 0.116730
1 0.455237 0.861008 0.067651 0.111237
6 0.218312 0.966278 0.197611 0.067444
8 0.132544 0.672455 0.142444 0.127991
9 0.363089 0.651169 0.152874 0.171112
14 0.232035 0.827225 0.138876 0.146393
12 0.948866 0.685913 0.102269 0.144470
5 0.893066 0.916488 0.120213 0.139801
9 0.784380 0.773529 0.203100 0.136780
14 0.595415 0.942932 0.135857 0.114136
2 0.623547 0.677399 0.149305 0.158203
