5 0.072196 0.646613 0.119664 0.132385
12 0.222874 0.768836 0.150952 0.168091
11 0.438529 0.749884 0.135442 0.147766
14 0.383158 0.918799 0.110333 0.093384
7 0.039941 0.880347 0.079882 0.102173
7 0.048861 0.056339 0.097722 0.112677
13 0.475581 0.049060 0.061338 0.098120
9 0.300547 0.194800 0.231094 0.219727
5 0.078509 0.385001 0.135033 0.130463
3 0.502478 0.301917 0.007544 0.133484
14 0.754354 0.087529 0.139274 0.139749
11 0.997905 0.099612 0.004191 0.152709
12 0.891703 0.252146 0.132625 0.124338
6 0.694165 0.343211 0.117578 0.118034
2 0.618092 0.869910 0.162205 0.159302
14 0.810762 0.752219 0.102373 0.111237
10 0.961302 0.604315 0.077396 0.119751
3 0.969947 0.885428 0.060105 0.140350
1 0.662142 0.571905 0.100452 0.114807
