6 0.479445 0.876260 0.062985 0.101349
14 0.467232 0.621927 0.087412 0.112885
12 0.143578 0.636896 0.143816 0.140625
4 0.343658 0.735223 0.086729 0.109863
3 0.207664 0.873102 0.080417 0.099975
10 0.172823 0.126820 0.188652 0.177191
6 0.344091 0.215093 0.119114 0.137242
8 0.488842 0.119733 0.044191 0.117912
12 0.178940 0.394539 0.142937 0.122423
7 0.663399 0.107629 0.113351 0.148315
3 0.852089 0.211450 0.114175 0.126343
13 0.984093 0.094858 0.031814 0.132660
10 0.992327 0.372263 0.015347 0.107391
8 0.681651 0.368280 0.122958 0.094483
4 0.630759 0.644641 0.109106 0.113085
1 0.981474 0.620757 0.037051 0.102361
13 0.951275 0.774299 0.097449 0.169627
10 0.947379 0.956365 0.105243 0.087270
14 0.596664 0.937355 0.144176 0.125290
