8 0.354013 0.947992 0.132015 0.104016
5 0.239014 0.648105 0.133661 0.136505
6 0.201688 0.805347 0.104020 0.111511
14 0.453779 0.741488 0.077946 0.087616
3 0.046844 0.680926 0.093689 0.128540
0 0.334840 0.224876 0.168425 0.200023
7 0.479625 0.094912 0.050124 0.153317
10 0.114670 0.322349 0.156249 0.135041
3 0.477089 0.324887 0.055197 0.176670
13 0.111119 0.060909 0.159293 0.121819
7 0.725078 0.337467 0.155344 0.162872
8 0.876716 0.235156 0.078221 0.078003
10 0.993181 0.196842 0.013638 0.129364
4 0.888518 0.041360 0.091943 0.082721
3 0.696397 0.097278 0.156716 0.095032
9 0.661146 0.626546 0.154527 0.142397
11 0.998943 0.628479 0.002114 0.177191
12 0.716840 0.943267 0.139718 0.113466
