11 0.062583 0.613472 0.125166 0.140381
7 0.235246 0.797235 0.114951 0.110160
8 0.432027 0.645155 0.157814 0.125758
1 0.482400 0.866938 0.069574 0.144281
6 0.065992 0.911782 0.131985 0.144281
11 0.091127 0.077660 0.182255 0.155320
14 0.131811 0.338645 0.120611 0.128289
3 0.296797 0.246793 0.195708 0.169281
4 0.460471 0.332572 0.113434 0.169281
1 0.474504 0.128751 0.085367 0.136640
8 0.664434 0.094827 0.123781 0.123321
6 0.664023 0.352731 0.115822 0.102997
5 0.894705 0.224878 0.119389 0.141724
0 0.984885 0.070279 0.030230 0.140558
5 0.694581 0.776181 0.091681 0.125642
7 0.940285 0.614892 0.119429 0.119798
1 0.885827 0.757189 0.105112 0.080645
14 0.853709 0.919647 0.060731 0.063113
