6 0.119213 0.590255 0.136680 0.116180
9 0.076398 0.885238 0.101001 0.130463
11 0.309825 0.750519 0.148482 0.137329
2 0.459335 0.638184 0.090706 0.137329
12 0.482390 0.911057 0.044596 0.061249
8 0.108098 0.322464 0.145189 0.127716
11 0.072644 0.070663 0.145287 0.141327
2 0.332193 0.189667 0.204747 0.169189
9 0.454395 0.379318 0.100586 0.149140
5 0.477037 0.119354 0.055301 0.186218
10 0.664488 0.072118 0.183644 0.144235
3 0.641152 0.309228 0.173498 0.197992
13 0.847117 0.248308 0.165381 0.120826
11 0.978093 0.364565 0.043813 0.178700
1 0.997878 0.088899 0.004243 0.133010
6 0.832117 0.590531 0.196513 0.133759
11 0.856818 0.778259 0.193219 0.126892
10 0.597318 0.798996 0.130368 0.134308
1 0.879736 0.924927 0.150129 0.110413
3 0.995926 0.827011 0.008148 0.111237
