13 0.043963 0.152612 0.087925 0.138977
11 0.257129 0.216196 0.135857 0.140351
4 0.433606 0.346659 0.112254 0.112335
8 0.434017 0.084222 0.135033 0.103821
14 0.048217 0.332651 0.096433 0.118378
11 0.689278 0.117405 0.178817 0.136947
1 0.871944 0.249975 0.089233 0.083359
7 0.992224 0.119507 0.015552 0.100522
12 0.719198 0.408463 0.152571 0.125740
5 0.240752 0.934103 0.152996 0.092332
7 0.487467 0.873035 0.034442 0.151354
1 0.294183 0.646296 0.065987 0.077722
14 0.081041 0.817227 0.056644 0.081813
8 0.434917 0.678729 0.078834 0.085319
11 0.616317 0.938214 0.112679 0.112080
10 0.801082 0.852578 0.093782 0.091415
0 0.969828 0.913697 0.060344 0.137298
1 0.618241 0.696017 0.096232 0.092116
4 0.968953 0.741549 0.062093 0.119435
