5 0.097690 0.052933 0.138053 0.105866
3 0.466218 0.048950 0.086314 0.097900
9 0.309710 0.165192 0.151501 0.151611
12 0.133919 0.288238 0.181966 0.141175
4 0.466630 0.309250 0.085491 0.170563
4 0.606945 0.083893 0.151227 0.124145
12 0.831178 0.136353 0.200629 0.179077
6 0.623001 0.344131 0.148208 0.133759
14 0.320139 0.561661 0.103746 0.084869
3 0.127606 0.668365 0.128721 0.103272
11 0.347310 0.756668 0.132289 0.135407
1 0.482137 0.848679 0.054476 0.107391
8 0.061539 0.945144 0.123078 0.109711
0 0.850939 0.771225 0.186906 0.158478
8 0.869190 0.947617 0.122409 0.104767
9 0.852037 0.587479 0.172085 0.154083
10 0.590478 0.754333 0.145189 0.178528
13 0.995799 0.765594 0.008401 0.157654
