3 0.801207 0.056024 0.158088 0.112049
7 0.593304 0.239490 0.128721 0.142822
4 0.805460 0.231113 0.184711 0.168365
9 0.985548 0.216693 0.028904 0.141175
6 0.781308 0.439166 0.130368 0.140625
1 0.109162 0.084857 0.105941 0.111511
10 0.117670 0.354571 0.113626 0.158203
13 0.285364 0.219852 0.142718 0.090912
12 0.442284 0.357044 0.090431 0.127441
2 0.421633 0.073596 0.128721 0.103821
1 0.024116 0.788394 0.048232 0.140350
4 0.224846 0.793613 0.155069 0.186493
7 0.201929 0.592013 0.130093 0.153534
8 0.436933 0.805423 0.101135 0.159576
14 0.196714 0.959222 0.155344 0.081555
2 0.645176 0.701053 0.156167 0.130463
7 0.612242 0.948099 0.088101 0.103802
9 0.834690 0.631015 0.115273 0.107391
11 0.986234 0.890704 0.027531 0.148315
6 0.831397 0.917209 0.156990 0.145843
