0 0.656726 0.623026 0.160559 0.192535
2 0.861060 0.789880 0.181143 0.176880
7 0.617341 0.907849 0.229447 0.184302
4 0.454657 0.348642 0.075061 0.160675
12 0.446149 0.072217 0.092078 0.144433
10 0.242433 0.232324 0.199531 0.088989
13 0.056101 0.360590 0.112203 0.192810
3 0.050612 0.084009 0.101225 0.148865
3 0.677859 0.109827 0.181417 0.111511
11 0.720263 0.357568 0.114724 0.177429
8 0.870666 0.224634 0.116920 0.157654
7 0.989539 0.315683 0.020923 0.092560
0 0.185071 0.615472 0.138053 0.116455
1 0.485533 0.801965 0.013308 0.090088
3 0.353864 0.628244 0.116096 0.138153
7 0.346591 0.931879 0.107588 0.130737
9 0.067629 0.769281 0.135257 0.182373
