2 0.073035 0.324597 0.146069 0.159302
14 0.257637 0.206906 0.102373 0.111237
10 0.442552 0.059439 0.146146 0.118878
3 0.451197 0.340115 0.128855 0.140350
1 0.109017 0.041998 0.100452 0.083997
0 0.852111 0.196469 0.164675 0.139252
7 0.623899 0.187817 0.166597 0.154907
9 0.793789 0.357693 0.256619 0.165619
12 0.821372 0.047217 0.226703 0.094433
13 0.990279 0.217893 0.019442 0.135956
14 0.264910 0.594586 0.165224 0.103272
4 0.062909 0.752652 0.120762 0.205719
2 0.285769 0.768857 0.209138 0.150238
8 0.473703 0.770368 0.083844 0.176331
1 0.249815 0.948904 0.170164 0.102191
0 0.999199 0.803876 0.001602 0.129639
9 0.758658 0.942724 0.164950 0.114551
10 0.774028 0.575910 0.140797 0.137329
12 0.605648 0.766522 0.149854 0.215881
14 0.793240 0.761303 0.149580 0.136780
