5 0.636902 0.051559 0.144640 0.103119
3 0.854685 0.178787 0.226154 0.164520
12 0.976059 0.326828 0.047882 0.113434
9 0.657075 0.334656 0.163028 0.157105
3 0.121609 0.127014 0.181417 0.111511
11 0.164013 0.374756 0.114724 0.177429
8 0.314416 0.241821 0.116920 0.157654
7 0.460632 0.332871 0.075610 0.092560
14 0.471748 0.077988 0.053379 0.155731
7 0.117492 0.914459 0.105118 0.086242
13 0.356271 0.929977 0.176477 0.134857
8 0.090320 0.673721 0.125977 0.209015
4 0.256368 0.599838 0.167146 0.128265
9 0.461181 0.635681 0.074512 0.187866
2 0.785796 0.630325 0.128995 0.125519
6 0.625649 0.749939 0.145738 0.164246
13 0.674914 0.934570 0.125702 0.130859
3 0.895305 0.914520 0.118566 0.170959
10 0.963983 0.755981 0.072035 0.143372
