10 0.691055 0.668508 0.176418 0.172036
0 0.842040 0.788354 0.122978 0.163015
8 0.988143 0.676885 0.023714 0.146263
12 0.700713 0.952972 0.133923 0.094056
6 0.989430 0.956516 0.021139 0.086968
11 0.086169 0.076047 0.172337 0.140464
12 0.401113 0.140802 0.166525 0.164304
8 0.151412 0.350854 0.119114 0.072809
2 0.385778 0.312838 0.183501 0.143686
5 0.603490 0.031259 0.171262 0.062518
12 0.998532 0.062845 0.002936 0.125690
9 0.832663 0.180621 0.174007 0.174133
7 0.580024 0.310947 0.132564 0.135956
11 0.974929 0.325229 0.050143 0.173859
4 0.481838 0.835407 0.005074 0.127991
2 0.216369 0.919315 0.104294 0.109588
0 0.305294 0.685718 0.108137 0.121399
6 0.121132 0.773471 0.073555 0.088715
3 0.430173 0.733920 0.046109 0.050812
