5 0.646128 0.054495 0.138053 0.108991
3 0.985749 0.050513 0.028501 0.101025
9 0.858147 0.168317 0.151501 0.151611
12 0.682356 0.291363 0.181966 0.141175
4 0.986161 0.312375 0.027678 0.170563
1 0.051379 0.073285 0.100452 0.092834
5 0.063976 0.362912 0.127953 0.117829
8 0.273690 0.236981 0.109784 0.115906
12 0.447901 0.267056 0.094822 0.162872
6 0.269436 0.039114 0.116096 0.078229
7 0.061534 0.683850 0.055440 0.073608
9 0.462173 0.631803 0.066279 0.113983
11 0.057142 0.912915 0.114175 0.106567
3 0.452155 0.875836 0.086314 0.112061
10 0.273416 0.787533 0.148757 0.123871
11 0.803667 0.644986 0.183064 0.152985
13 0.615114 0.773389 0.125428 0.111511
3 0.664516 0.950415 0.115547 0.099170
1 0.977104 0.916898 0.045792 0.117279
9 0.976829 0.716397 0.046341 0.131012
