7 0.305825 0.759641 0.111508 0.107034
5 0.435743 0.657920 0.131639 0.146508
8 0.460775 0.923608 0.081574 0.137399
6 0.105945 0.870091 0.133506 0.157895
3 0.073454 0.627556 0.146907 0.167763
11 0.060128 0.051701 0.120257 0.103401
13 0.419324 0.084879 0.128589 0.132582
1 0.269791 0.217948 0.145150 0.117959
10 0.052822 0.325672 0.105644 0.130633
8 0.437064 0.331521 0.128998 0.130633
14 0.617933 0.080182 0.152599 0.131286
7 0.799350 0.203503 0.149854 0.140625
3 0.958821 0.089117 0.082358 0.178235
5 0.622599 0.318585 0.134485 0.113708
0 0.663493 0.723706 0.204198 0.096680
12 0.773277 0.889600 0.144914 0.127441
1 0.975014 0.894544 0.049972 0.117554
11 0.963487 0.678113 0.073026 0.165894
6 0.822130 0.612195 0.143816 0.132934
