7 0.032980 0.250433 0.065960 0.086488
5 0.206985 0.390976 0.094017 0.124473
1 0.472094 0.299813 0.068311 0.067204
14 0.269176 0.085054 0.102776 0.098176
8 0.209321 0.195793 0.049636 0.081229
2 0.793334 0.207577 0.184436 0.203521
8 0.825034 0.040412 0.128172 0.080823
11 0.980377 0.214169 0.039246 0.186493
12 0.779611 0.417966 0.158637 0.159027
14 0.583098 0.199887 0.121311 0.152985
3 0.028963 0.644971 0.057925 0.176880
11 0.301233 0.645795 0.141346 0.177429
14 0.504262 0.673810 0.003977 0.119751
8 0.142184 0.895596 0.132838 0.163971
2 0.471464 0.906034 0.069572 0.155182
0 0.648831 0.645108 0.199531 0.167816
14 0.664750 0.863599 0.151227 0.143372
2 0.941815 0.914960 0.116370 0.132935
12 0.890904 0.740003 0.182515 0.126343
