4 0.167806 0.095168 0.167404 0.141753
3 0.320079 0.210825 0.130704 0.121778
8 0.492838 0.106121 0.048698 0.140464
0 0.446158 0.332925 0.142058 0.188144
14 0.190985 0.365142 0.150663 0.143041
9 0.661278 0.063062 0.187181 0.126123
2 0.848185 0.245050 0.220665 0.216980
10 0.628343 0.351618 0.190475 0.121399
10 0.082050 0.665964 0.164099 0.157929
2 0.422503 0.714715 0.169341 0.196106
0 0.241909 0.817987 0.156716 0.099426
5 0.080677 0.858362 0.161355 0.179077
11 0.367062 0.932794 0.146287 0.119751
0 0.753853 0.929212 0.110951 0.129732
2 0.897797 0.610433 0.183946 0.110447
6 0.880571 0.742503 0.131974 0.096423
3 0.689910 0.755067 0.070658 0.095838
