1 0.882056 0.912381 0.122134 0.175238
2 0.664959 0.651178 0.198983 0.224121
6 0.989264 0.654474 0.021472 0.195557
6 0.102597 0.069333 0.172909 0.138666
7 0.344120 0.188516 0.117469 0.143646
1 0.466322 0.105844 0.051732 0.115631
11 0.106576 0.268717 0.194591 0.154083
3 0.449031 0.310052 0.086314 0.169189
1 0.887271 0.066037 0.189102 0.132074
7 0.586190 0.064371 0.111705 0.126618
10 0.756354 0.221613 0.150129 0.144470
12 0.978560 0.243173 0.042879 0.154632
14 0.780232 0.386133 0.155618 0.115906
13 0.050749 0.610940 0.101498 0.118927
0 0.296914 0.741129 0.119115 0.129913
5 0.481417 0.688669 0.021542 0.114532
7 0.453971 0.870493 0.076433 0.105743
2 0.282367 0.935590 0.165224 0.128821
12 0.054180 0.918424 0.108360 0.163153
