9 0.612454 0.571664 0.144640 0.174957
5 0.951621 0.559991 0.096758 0.137329
13 0.839019 0.764200 0.267323 0.223297
7 0.639900 0.919110 0.200080 0.161780
6 0.086182 0.066156 0.088650 0.078552
5 0.251132 0.225870 0.134210 0.117279
14 0.045493 0.338617 0.090985 0.100525
12 0.459239 0.320490 0.069023 0.173035
9 0.442908 0.064938 0.101684 0.129877
3 0.583224 0.059582 0.131740 0.119165
10 0.837921 0.021130 0.118566 0.042261
1 0.978793 0.271325 0.042415 0.121948
9 0.640860 0.283411 0.091120 0.181275
12 0.819807 0.183984 0.203100 0.153809
13 0.125155 0.621927 0.134210 0.129913
11 0.306023 0.703775 0.129819 0.144745
5 0.444829 0.625223 0.097841 0.113434
9 0.424315 0.883814 0.102922 0.089539
0 0.146974 0.872415 0.164675 0.146393
