10 0.735633 0.661978 0.156441 0.144196
11 0.933961 0.842703 0.132078 0.143097
5 0.762255 0.881705 0.198159 0.136505
2 0.964014 0.659094 0.071972 0.185669
7 0.267684 0.054752 0.107313 0.109503
9 0.274271 0.210440 0.126525 0.128815
12 0.225143 0.384024 0.147385 0.156281
3 0.082698 0.138479 0.138053 0.128815
14 0.457813 0.119803 0.068749 0.126068
7 0.684720 0.108404 0.146836 0.182373
14 0.802463 0.291739 0.114998 0.099701
4 0.982266 0.334723 0.035469 0.145569
13 0.173133 0.666785 0.189377 0.205444
1 0.428653 0.767722 0.096610 0.110687
7 0.150078 0.889121 0.092767 0.115631
