6 0.271718 0.376971 0.159461 0.132935
0 0.455947 0.209842 0.116230 0.089264
10 0.293675 0.132663 0.134759 0.094757
12 0.106357 0.270541 0.107039 0.129364
5 0.094007 0.124011 0.082338 0.108764
7 0.584736 0.073474 0.113351 0.145569
6 0.995124 0.074435 0.009751 0.099701
1 0.829416 0.261066 0.116371 0.102722
11 0.658291 0.358981 0.138053 0.119476
7 0.074449 0.614963 0.148899 0.117279
11 0.499998 0.629794 0.028129 0.147491
9 0.301909 0.804751 0.184162 0.184296
12 0.499175 0.895526 0.029776 0.138977
5 0.046454 0.910272 0.092909 0.179455
7 0.907709 0.821094 0.184582 0.181824
4 0.726493 0.660007 0.143267 0.124420
0 0.906813 0.609744 0.091669 0.112885
3 0.682443 0.932468 0.123232 0.129913
