4 0.159237 0.112436 0.121777 0.159713
8 0.338578 0.201924 0.096232 0.106826
1 0.482304 0.181610 0.066642 0.093517
2 0.473555 0.337121 0.084139 0.154460
14 0.138241 0.355509 0.118278 0.084760
0 0.726821 0.236243 0.102922 0.079651
5 0.769911 0.360388 0.127623 0.078552
13 0.597277 0.346655 0.160559 0.136780
12 0.654501 0.083926 0.178947 0.167853
6 0.900965 0.127753 0.178947 0.149964
11 0.972851 0.325644 0.054298 0.144745
7 0.460745 0.758561 0.087593 0.075970
5 0.486433 0.865794 0.058383 0.085904
1 0.331691 0.690188 0.088761 0.070126
14 0.125555 0.943225 0.082921 0.085319
8 0.233879 0.725836 0.064819 0.078307
0 0.989994 0.634832 0.020012 0.134846
7 0.618156 0.933069 0.090283 0.108577
13 0.633028 0.654796 0.146623 0.123638
8 0.818143 0.803302 0.117928 0.083009
4 0.987370 0.861443 0.025260 0.122237
