10 0.088253 0.063834 0.124330 0.127667
2 0.296841 0.066031 0.156167 0.132062
12 0.306859 0.206631 0.143267 0.111786
0 0.062446 0.335446 0.124893 0.162872
3 0.458564 0.288480 0.095371 0.139801
7 0.812272 0.073972 0.147659 0.096954
8 0.620562 0.128903 0.107862 0.124970
14 0.827641 0.273511 0.143267 0.156006
3 0.982573 0.298230 0.034855 0.126892
0 0.624954 0.398618 0.178123 0.166718
1 0.115973 0.642789 0.106764 0.101898
10 0.314270 0.582364 0.072457 0.084869
6 0.288607 0.776822 0.139700 0.156280
2 0.113503 0.922263 0.188553 0.155475
8 0.474757 0.873914 0.062985 0.142822
7 0.594489 0.621228 0.170987 0.168091
12 0.853440 0.722989 0.209138 0.188690
6 0.620562 0.915387 0.156716 0.136231
