0 0.458846 0.114496 0.116683 0.131343
9 0.311271 0.206261 0.099382 0.080908
6 0.158175 0.352316 0.127026 0.120135
11 0.115657 0.116948 0.146273 0.148155
3 0.503463 0.306083 0.027449 0.120135
2 0.671159 0.103463 0.149772 0.141501
7 0.961255 0.105215 0.071387 0.101572
13 0.848051 0.238660 0.122827 0.121186
11 0.669234 0.346886 0.099032 0.122587
9 0.992700 0.367201 0.014600 0.123288
0 0.093701 0.673242 0.116645 0.134583
11 0.166432 0.858362 0.140797 0.184570
12 0.291174 0.618722 0.111979 0.106842
5 0.439998 0.711832 0.154380 0.110687
9 0.365690 0.877039 0.188553 0.150513
10 0.661690 0.624353 0.124330 0.137878
2 0.870279 0.602655 0.156167 0.190064
12 0.880296 0.772256 0.143267 0.111786
0 0.629716 0.901071 0.137229 0.162872
3 0.992158 0.854105 0.015684 0.139801
