2 0.759585 0.933356 0.151776 0.112061
0 0.914654 0.619284 0.124879 0.107391
4 0.780307 0.689871 0.078495 0.082123
6 0.984842 0.833929 0.030317 0.135681
3 0.654742 0.790396 0.060107 0.050812
4 0.063480 0.077899 0.126961 0.155798
3 0.413974 0.148382 0.168926 0.140075
7 0.218904 0.225287 0.126800 0.113708
10 0.075557 0.335425 0.151114 0.176880
14 0.361349 0.364264 0.137229 0.101623
4 0.704549 0.096811 0.121777 0.159713
8 0.883891 0.186299 0.096232 0.106826
1 0.997148 0.165985 0.005705 0.093517
2 0.988399 0.321496 0.023202 0.154460
14 0.683553 0.339884 0.118278 0.084760
7 0.050993 0.639197 0.101985 0.137878
12 0.261583 0.750296 0.170987 0.171112
9 0.476414 0.587012 0.044048 0.153259
4 0.455692 0.925067 0.085491 0.149866
5 0.042073 0.914493 0.084145 0.171014
