0 0.587531 0.216092 0.179496 0.189789
2 0.803667 0.226941 0.167146 0.166443
10 0.856637 0.059775 0.181966 0.119549
12 0.805177 0.404645 0.192121 0.158203
13 0.975457 0.256466 0.049086 0.169464
0 0.114504 0.126553 0.149854 0.106842
3 0.332287 0.187665 0.134210 0.133484
4 0.449137 0.322522 0.092352 0.120300
2 0.119445 0.307553 0.125702 0.069488
9 0.472465 0.630002 0.045694 0.156830
5 0.143871 0.661038 0.170164 0.128265
13 0.268887 0.804135 0.108411 0.155182
10 0.064827 0.927954 0.097707 0.144092
2 0.445020 0.933722 0.100586 0.132556
7 0.613330 0.624921 0.155344 0.121399
4 0.835367 0.741650 0.216822 0.216980
12 0.983965 0.928503 0.032070 0.142993
5 0.572573 0.913809 0.118292 0.172381
