9 0.062024 0.066315 0.124047 0.132629
13 0.468423 0.080994 0.066278 0.153809
6 0.240693 0.239471 0.142169 0.167542
8 0.048850 0.327637 0.097700 0.110962
1 0.485440 0.298798 0.032246 0.141175
8 0.643595 0.098435 0.118292 0.117279
2 0.851086 0.105713 0.173732 0.168640
14 0.581704 0.324890 0.126800 0.130737
5 0.834892 0.381470 0.146836 0.140625
9 0.991344 0.308685 0.017312 0.139526
8 0.074595 0.711421 0.094648 0.139175
12 0.427754 0.696923 0.137786 0.133376
11 0.130611 0.960736 0.168048 0.078528
1 0.430007 0.940762 0.108813 0.118476
5 0.655550 0.616365 0.219982 0.180668
14 0.942696 0.930779 0.114607 0.138443
7 0.855051 0.776158 0.139575 0.131326
9 0.655929 0.885849 0.191915 0.206478
