4 0.274093 0.126743 0.182241 0.183746
7 0.477122 0.055612 0.052007 0.111225
12 0.489061 0.351413 0.028129 0.137604
5 0.073097 0.347156 0.146195 0.174133
9 0.061021 0.073053 0.122042 0.146106
7 0.983474 0.206998 0.033051 0.075970
1 0.881691 0.138626 0.088761 0.070126
14 0.675555 0.391662 0.082921 0.085319
8 0.783879 0.174273 0.064819 0.078307
0 0.062942 0.625110 0.125885 0.199402
7 0.287678 0.716434 0.129819 0.168365
1 0.486728 0.596820 0.032794 0.168091
11 0.075018 0.915002 0.150037 0.169995
2 0.461478 0.878207 0.083295 0.192535
2 0.695246 0.835361 0.073555 0.085418
4 0.973600 0.766421 0.052801 0.097504
0 0.831789 0.636783 0.108960 0.117279
6 0.774016 0.955387 0.128446 0.069488
