1 0.079956 0.669702 0.132564 0.150513
11 0.106990 0.879678 0.130642 0.132110
13 0.454248 0.717081 0.116504 0.166718
14 0.248886 0.602960 0.121311 0.107117
3 0.282232 0.801401 0.134759 0.111786
7 0.292799 0.218027 0.086729 0.057953
1 0.273175 0.055112 0.133113 0.110223
8 0.454797 0.199350 0.115407 0.133209
10 0.139377 0.242746 0.116371 0.118378
14 0.328067 0.401773 0.128172 0.138702
1 0.633399 0.076715 0.095786 0.119751
10 0.828676 0.188501 0.110333 0.136780
0 0.957154 0.311136 0.085693 0.111237
14 0.967583 0.073282 0.064834 0.090912
5 0.642044 0.315942 0.102099 0.149964
12 0.646985 0.615183 0.160833 0.152435
1 0.978424 0.665033 0.043151 0.101624
2 0.906485 0.848779 0.151227 0.204895
14 0.645201 0.887231 0.139700 0.154358
