9 0.671843 0.626993 0.103471 0.125519
7 0.843791 0.720102 0.159735 0.166718
1 0.985707 0.659677 0.028585 0.085968
11 0.978022 0.888193 0.043956 0.100250
3 0.683232 0.892175 0.131191 0.116455
9 0.123752 0.071908 0.076299 0.118378
0 0.310658 0.182596 0.158637 0.105743
7 0.448641 0.337915 0.096469 0.124695
11 0.439995 0.052091 0.113760 0.104181
5 0.120321 0.309900 0.079319 0.137878
10 0.668960 0.127801 0.110333 0.136231
9 0.803720 0.215006 0.065870 0.086518
2 0.931776 0.116952 0.136448 0.160126
11 0.914189 0.353571 0.158363 0.135681
1 0.614481 0.310861 0.134210 0.115631
12 0.438074 0.870203 0.117603 0.180725
6 0.092326 0.848093 0.129819 0.177704
9 0.103991 0.592935 0.143267 0.157379
14 0.296661 0.759241 0.122958 0.121399
4 0.471284 0.649927 0.051183 0.142822
