1 0.223741 0.813144 0.144365 0.137604
4 0.460255 0.822208 0.110741 0.164520
7 0.247344 0.594379 0.164675 0.180725
9 0.043119 0.766864 0.086237 0.171387
14 0.224976 0.955942 0.139151 0.088117
3 0.037630 0.071558 0.075259 0.143115
2 0.311705 0.089548 0.179221 0.179096
1 0.460117 0.325076 0.111015 0.128815
8 0.148402 0.308597 0.119389 0.161224
2 0.622360 0.226436 0.138398 0.084151
0 0.752290 0.372239 0.163507 0.142004
3 0.778276 0.140240 0.103360 0.077722
6 0.934192 0.170043 0.077666 0.083566
1 0.813001 0.944406 0.153423 0.111187
2 0.850465 0.760821 0.189377 0.144470
4 0.627330 0.741733 0.111430 0.198029
8 0.997552 0.763980 0.004896 0.170013
14 0.825352 0.585727 0.151776 0.097504
