0 0.829064 0.755600 0.186906 0.158478
8 0.847315 0.939804 0.122409 0.120392
9 0.830162 0.571854 0.172085 0.154083
10 0.568603 0.738708 0.145189 0.178528
13 0.984862 0.749969 0.030276 0.157654
7 0.266427 0.027405 0.139425 0.054810
2 0.407977 0.269043 0.159046 0.134033
14 0.053895 0.079529 0.107790 0.148315
5 0.034134 0.312439 0.068267 0.104370
0 0.161583 0.250366 0.164675 0.169189
9 0.643958 0.069185 0.154527 0.138370
11 0.990349 0.078850 0.019302 0.157700
12 0.699653 0.393524 0.139718 0.132732
8 0.993247 0.346166 0.013507 0.110180
2 0.186148 0.931793 0.151776 0.112061
0 0.341216 0.617722 0.124879 0.107391
4 0.206869 0.688309 0.078495 0.082123
6 0.441873 0.832367 0.091254 0.135681
3 0.081304 0.788834 0.060107 0.050812
