12 0.133105 0.168542 0.184985 0.160400
0 0.362415 0.150964 0.194042 0.162048
11 0.465541 0.236795 0.072042 0.129913
7 0.474736 0.379343 0.053654 0.103546
9 0.169334 0.338419 0.157539 0.142548
12 0.616287 0.059415 0.155892 0.118829
0 0.873317 0.206308 0.240152 0.215607
10 0.973642 0.065595 0.052716 0.131189
14 0.642223 0.369592 0.214901 0.168091
4 0.179076 0.702615 0.106764 0.098053
11 0.321384 0.796274 0.069712 0.089264
12 0.445850 0.691355 0.081515 0.081574
1 0.175234 0.898859 0.062851 0.070862
8 0.456829 0.897897 0.086454 0.090912
2 0.613404 0.898035 0.162205 0.159302
14 0.806074 0.780344 0.102373 0.111237
10 0.958958 0.632440 0.082084 0.119751
3 0.967604 0.913553 0.064793 0.140350
1 0.657455 0.600030 0.100452 0.114807
