11 0.596535 0.621073 0.158363 0.132660
6 0.670913 0.876917 0.144640 0.128540
4 0.809240 0.767603 0.127074 0.087891
13 0.846155 0.566827 0.060381 0.108764
8 0.967265 0.839014 0.065469 0.127441
0 0.434674 0.382532 0.118151 0.164246
4 0.104296 0.291483 0.174281 0.133209
5 0.307533 0.188623 0.146012 0.131836
6 0.454984 0.204416 0.077531 0.137054
3 0.060862 0.060803 0.121725 0.121607
1 0.599142 0.090466 0.181692 0.180933
3 0.589125 0.368250 0.168792 0.186767
6 0.766013 0.228723 0.115822 0.119202
10 0.946544 0.100870 0.106912 0.182648
14 0.967677 0.378412 0.064646 0.130188
7 0.098654 0.915778 0.172555 0.168444
5 0.438817 0.933038 0.109865 0.111469
1 0.306943 0.784842 0.117827 0.143686
8 0.484854 0.674662 0.017793 0.134665
14 0.089247 0.608940 0.178493 0.168170
