2 0.646580 0.653702 0.187181 0.189240
11 0.761579 0.826737 0.114175 0.134308
1 0.980967 0.882355 0.038067 0.156555
4 0.071180 0.070053 0.141621 0.090912
6 0.260008 0.017242 0.093316 0.034485
7 0.277299 0.205048 0.131740 0.169189
11 0.065232 0.331940 0.130463 0.103272
14 0.436415 0.299942 0.095920 0.122223
12 0.669360 0.285797 0.147110 0.156006
2 0.864774 0.202988 0.148208 0.118927
11 0.971361 0.104248 0.057279 0.154907
1 0.666890 0.031113 0.122958 0.062225
5 0.250814 0.946533 0.149031 0.106933
6 0.047392 0.831405 0.094784 0.133759
8 0.300491 0.649445 0.133661 0.129639
10 0.111526 0.646972 0.166322 0.159302
13 0.455078 0.794464 0.058594 0.151611
