1 0.039741 0.214957 0.079482 0.140350
4 0.256096 0.220175 0.155069 0.186493
7 0.233179 0.047671 0.130093 0.095343
8 0.468183 0.231986 0.101135 0.159576
14 0.227964 0.412436 0.155344 0.134857
0 0.975648 0.223059 0.048703 0.125794
2 0.905599 0.120474 0.161108 0.075531
6 0.702363 0.216330 0.076848 0.050262
3 0.757941 0.341437 0.079868 0.074707
3 0.040565 0.620901 0.081129 0.181549
2 0.314830 0.640814 0.189102 0.215332
8 0.149606 0.874274 0.122683 0.172486
11 0.488767 0.892676 0.059966 0.152710
3 0.645275 0.618567 0.166871 0.205444
13 0.800894 0.821951 0.147110 0.128815
9 0.625789 0.956775 0.113077 0.086450
5 0.976884 0.685721 0.046233 0.148590
7 0.995821 0.925739 0.008358 0.148523
