14 0.119930 0.127886 0.152571 0.123638
12 0.396554 0.217724 0.167619 0.141501
10 0.474666 0.091460 0.066292 0.115232
0 0.491638 0.344340 0.032349 0.107526
9 0.095610 0.414389 0.143123 0.104725
2 0.605383 0.217535 0.174281 0.176880
6 0.843613 0.128821 0.250581 0.163147
7 0.837026 0.274389 0.125428 0.083496
9 0.975532 0.351568 0.048936 0.137878
0 0.733143 0.426413 0.233290 0.179352
2 0.232671 0.647513 0.128995 0.125519
6 0.072696 0.767127 0.145393 0.164246
13 0.121789 0.943164 0.125702 0.113672
3 0.342180 0.923114 0.118566 0.153772
10 0.435770 0.773169 0.121860 0.143372
5 0.955558 0.639534 0.088884 0.133557
0 0.974067 0.865216 0.051866 0.202773
2 0.806880 0.825734 0.163659 0.178401
9 0.619354 0.659519 0.139305 0.120884
3 0.591590 0.933095 0.153918 0.133809
