7 0.041134 0.563925 0.082268 0.120026
11 0.477829 0.619681 0.059966 0.212860
1 0.316792 0.730093 0.148482 0.186493
0 0.109611 0.904254 0.219223 0.191492
2 0.451070 0.891455 0.113486 0.205994
0 0.278917 0.215796 0.138602 0.152710
4 0.274114 0.403937 0.161931 0.147766
9 0.314459 0.055026 0.146561 0.110052
10 0.074583 0.234747 0.139974 0.156555
13 0.461499 0.209753 0.092627 0.179077
11 0.659588 0.067206 0.142169 0.095032
4 0.893152 0.182013 0.162480 0.126892
10 0.657942 0.320715 0.182790 0.136231
3 0.634338 0.610755 0.166871 0.205444
13 0.789956 0.814139 0.147110 0.128815
9 0.614852 0.952869 0.113077 0.094263
5 0.971415 0.677909 0.057170 0.148590
7 0.990352 0.921832 0.019295 0.156335
