11 0.696494 0.669683 0.160931 0.125379
7 0.957064 0.808573 0.085872 0.191311
14 0.707834 0.915492 0.114488 0.108086
7 0.216849 0.047490 0.087009 0.070710
5 0.437286 0.162028 0.100428 0.103435
1 0.435248 0.025644 0.057812 0.051288
14 0.261230 0.344062 0.110368 0.112201
8 0.081663 0.267508 0.154164 0.155445
13 0.823438 0.039310 0.179496 0.078619
2 0.600165 0.188620 0.188004 0.232086
0 0.838121 0.206610 0.218195 0.182373
12 0.988567 0.219793 0.022866 0.153809
14 0.810812 0.395575 0.148208 0.141724
12 0.147132 0.617059 0.142937 0.142397
11 0.449308 0.620925 0.076384 0.184923
9 0.172565 0.931113 0.155171 0.137774
8 0.461863 0.900564 0.051274 0.119201
