3 0.553529 0.661447 0.114449 0.185394
8 0.778036 0.607340 0.173183 0.169464
1 0.971425 0.931574 0.057151 0.135132
2 0.603755 0.907266 0.149031 0.138153
9 0.047593 0.108148 0.095186 0.116455
2 0.274957 0.198648 0.189377 0.203521
1 0.472085 0.081506 0.040205 0.092285
13 0.437915 0.344080 0.108545 0.121399
5 0.038673 0.410684 0.077346 0.112335
3 0.686312 0.067196 0.218269 0.134391
11 0.972733 0.070925 0.054534 0.129510
14 0.889128 0.258102 0.150020 0.167526
10 0.676654 0.387935 0.153883 0.147552
6 0.999132 0.412742 0.001737 0.141753
1 0.166951 0.665641 0.111388 0.116624
10 0.463975 0.653077 0.056424 0.136598
14 0.184335 0.940907 0.173199 0.118186
8 0.437255 0.928987 0.109865 0.142026
