1 0.067774 0.634528 0.095786 0.119751
10 0.263051 0.746314 0.110333 0.136780
0 0.429029 0.868948 0.160693 0.111237
14 0.423198 0.631095 0.107313 0.090912
5 0.076419 0.873755 0.102099 0.149964
2 0.196693 0.106749 0.194446 0.165593
1 0.392427 0.055147 0.117183 0.110293
11 0.211824 0.344185 0.188652 0.132732
12 0.445428 0.384456 0.127893 0.106314
7 0.638096 0.104163 0.055440 0.073608
11 0.633705 0.333228 0.114175 0.106567
3 0.992780 0.296149 0.014439 0.112061
10 0.849978 0.207846 0.148757 0.123871
13 0.652363 0.606636 0.185847 0.159413
8 0.879931 0.807041 0.152470 0.162449
12 0.698256 0.840062 0.138058 0.173836
14 0.981496 0.677613 0.037007 0.158654
