5 0.476648 0.825828 0.046705 0.106941
7 0.107011 0.748106 0.101608 0.136160
1 0.228765 0.897123 0.063651 0.082397
14 0.336504 0.669215 0.064235 0.064866
8 0.376214 0.785799 0.081754 0.087657
13 0.051225 0.064441 0.102450 0.127991
0 0.244894 0.182269 0.110333 0.114258
12 0.074554 0.328250 0.149108 0.210663
2 0.285788 0.386478 0.179496 0.145294
7 0.462058 0.319049 0.075885 0.106567
5 0.486073 0.133380 0.027854 0.112610
0 0.593865 0.070123 0.187181 0.140247
2 0.980957 0.068887 0.038086 0.137774
1 0.842936 0.182407 0.115547 0.115631
11 0.623507 0.316715 0.164675 0.226593
7 0.975331 0.340198 0.049339 0.166992
7 0.597844 0.637653 0.077672 0.049988
13 0.795866 0.763172 0.120762 0.121399
5 0.959412 0.663058 0.081176 0.101898
2 0.963803 0.859714 0.072394 0.140350
0 0.594414 0.839114 0.125702 0.179352
