0 0.122613 0.634167 0.171262 0.168091
7 0.139492 0.876691 0.142444 0.184021
13 0.333123 0.856091 0.126800 0.119751
2 0.436798 0.696789 0.142029 0.177978
3 0.484142 0.923245 0.047341 0.124969
0 0.341789 0.171400 0.144173 0.158663
2 0.136377 0.300818 0.186165 0.173023
8 0.126054 0.068450 0.135425 0.136901
10 0.500737 0.060570 0.014152 0.121140
12 0.474666 0.338994 0.066292 0.123288
6 0.731876 0.136340 0.153239 0.148196
7 0.970566 0.137629 0.058868 0.149485
4 0.736062 0.374742 0.171911 0.113402
13 0.958332 0.328673 0.083335 0.157861
7 0.704736 0.655591 0.119389 0.153809
5 0.889173 0.754193 0.123781 0.069214
12 0.744396 0.878338 0.111979 0.099975
8 0.999410 0.875043 0.001181 0.149414
2 0.984726 0.628812 0.030548 0.111237
