1 0.061737 0.656411 0.123474 0.126289
9 0.306974 0.739207 0.148088 0.147552
6 0.509995 0.625161 0.008135 0.157861
12 0.179812 0.935486 0.135855 0.129027
11 0.458486 0.927432 0.111153 0.145135
6 0.107730 0.094910 0.159186 0.130188
9 0.335393 0.033585 0.135308 0.067169
8 0.305614 0.200791 0.108686 0.151886
13 0.471454 0.292801 0.085216 0.124969
12 0.138195 0.346359 0.116371 0.158478
12 0.649371 0.048004 0.169616 0.096008
10 0.609299 0.273712 0.136680 0.143372
11 0.830239 0.181427 0.113077 0.142273
13 0.962327 0.051300 0.075347 0.102600
0 0.970560 0.310791 0.058880 0.164795
1 0.854391 0.758072 0.137778 0.102448
12 0.624120 0.772766 0.141072 0.179627
6 0.879642 0.907349 0.180045 0.148315
5 0.979892 0.751755 0.040216 0.173859
4 0.850274 0.617035 0.148208 0.131836
