0 0.990605 0.255438 0.018789 0.129639
9 0.741471 0.402380 0.164950 0.130737
10 0.756841 0.048068 0.140797 0.096137
12 0.588460 0.218085 0.149854 0.215881
14 0.776052 0.212866 0.149580 0.136780
7 0.082035 0.123858 0.099032 0.101572
2 0.069088 0.358875 0.126327 0.130993
8 0.260677 0.220527 0.078386 0.156912
9 0.484013 0.102142 0.028849 0.109277
6 0.449467 0.375337 0.088534 0.095968
7 0.044955 0.622519 0.089909 0.167816
13 0.467768 0.629385 0.061338 0.124969
9 0.292734 0.788550 0.231094 0.219727
5 0.070697 0.956760 0.135033 0.086481
3 0.494665 0.895667 0.007544 0.133484
2 0.646508 0.738150 0.183613 0.161224
13 0.987723 0.932059 0.024553 0.115082
4 0.831493 0.650809 0.115547 0.122772
3 0.636902 0.939731 0.123781 0.120538
10 0.849196 0.870398 0.139974 0.117005
