2 0.288841 0.065003 0.127074 0.130005
0 0.274981 0.341766 0.187730 0.182373
5 0.454132 0.260605 0.126110 0.165070
1 0.058982 0.136322 0.113077 0.125244
10 0.074901 0.346436 0.114175 0.123047
5 0.653045 0.062164 0.111430 0.113708
6 0.626559 0.380218 0.071085 0.096680
12 0.829247 0.246598 0.122409 0.126618
14 0.957988 0.083588 0.084024 0.095581
4 0.074509 0.677453 0.109106 0.113085
1 0.453946 0.653569 0.094494 0.102361
13 0.417902 0.807111 0.143202 0.169627
10 0.407673 0.972771 0.138331 0.054457
14 0.056251 0.953761 0.112502 0.092477
14 0.752124 0.661468 0.122958 0.139526
0 0.779021 0.913956 0.137229 0.172089
3 0.993942 0.872818 0.012116 0.104645
2 0.931640 0.708710 0.136720 0.138977
