2 0.607966 0.621789 0.208040 0.213135
13 0.606044 0.900980 0.167420 0.162323
1 0.805713 0.806085 0.117743 0.104370
12 0.938193 0.639643 0.123614 0.220276
6 0.994457 0.895761 0.011086 0.128265
0 0.051002 0.125070 0.102004 0.205170
1 0.235940 0.221201 0.164126 0.105743
10 0.376188 0.092386 0.176203 0.129913
13 0.383187 0.337793 0.181966 0.154358
6 0.056217 0.356882 0.112433 0.140350
1 0.593556 0.093347 0.123781 0.102722
8 0.615376 0.352625 0.176203 0.131836
9 0.790206 0.236444 0.120762 0.144470
5 0.968521 0.269403 0.062958 0.128540
13 0.809967 0.036236 0.094414 0.072473
11 0.065823 0.594049 0.131646 0.178528
7 0.442263 0.597757 0.081099 0.191437
1 0.248291 0.745111 0.116920 0.120850
2 0.038514 0.890817 0.077029 0.155731
0 0.421953 0.927350 0.121719 0.145300
