5 0.731868 0.160743 0.113379 0.180728
1 0.702474 0.395935 0.136475 0.114531
7 0.897737 0.313277 0.105681 0.075304
6 0.989286 0.401189 0.021428 0.127140
13 0.268750 0.048685 0.179496 0.097369
2 0.069740 0.207370 0.139480 0.232086
0 0.283434 0.225360 0.218195 0.182373
12 0.458880 0.238543 0.072866 0.153809
14 0.256125 0.414325 0.148208 0.141724
1 0.028022 0.780582 0.056044 0.140350
4 0.232659 0.785800 0.155069 0.186493
7 0.209741 0.584201 0.130093 0.153534
8 0.444745 0.797611 0.101135 0.159576
14 0.204527 0.955316 0.155344 0.089368
12 0.669731 0.664264 0.119389 0.125794
10 0.872830 0.788547 0.135308 0.095856
13 0.703764 0.937463 0.156167 0.125073
