11 0.662869 0.830240 0.162205 0.187591
7 0.842640 0.895471 0.125428 0.130737
2 0.941699 0.705271 0.116603 0.152435
8 0.608390 0.644846 0.156990 0.099701
10 0.817390 0.576593 0.123232 0.082397
13 0.039275 0.129175 0.078550 0.138977
11 0.247754 0.192758 0.135857 0.140351
4 0.424231 0.323221 0.112254 0.112335
8 0.424642 0.060785 0.135033 0.103821
14 0.043529 0.309213 0.087058 0.118378
0 0.838935 0.386804 0.154246 0.186767
14 0.798041 0.214319 0.104294 0.094483
10 0.614016 0.259912 0.106764 0.142822
3 0.970242 0.199487 0.059515 0.136780
5 0.759342 0.049249 0.116920 0.084045
3 0.053821 0.792337 0.107643 0.146942
4 0.458056 0.800028 0.074512 0.152435
6 0.361517 0.602136 0.138327 0.127991
8 0.232247 0.936395 0.132838 0.124145
13 0.118210 0.607492 0.158912 0.142548
